0 0 0 0.0002 0.0000 90.0000
1 0 0 0.0002 0.0000 90.0000
0 0 1 0.0004 0.0000 90.0000
1 0 1 0.0004 0.0000 90.0000
0 0 2 0.0003 0.0000 90.0000
1 0 2 0.0003 0.0000 90.0000
0 0 3 0.0004 0.0000 90.0000
1 0 3 0.0004 0.0000 90.0000
0 0 4 2.3325 0.0000 90.0000
1 0 4 2.3325 0.0000 90.0000
0 0 5 2.3446 0.0000 90.0000
1 0 5 2.3446 0.0000 90.0000
0 1 0 0.3244 0.0000 90.0000
1 1 0 0.3244 0.0000 90.0000
0 1 1 0.0736 0.0000 90.0000
1 1 1 0.0736 0.0000 90.0000
0 1 2 0.0736 0.0000 90.0000
1 1 2 0.0736 0.0000 90.0000
0 1 3 0.0735 0.0000 90.0000
1 1 3 0.0735 0.0000 90.0000
0 1 4 1.7610 0.0000 90.0000
1 1 4 1.7610 0.0000 90.0000
0 1 5 3.2255 0.0000 90.0000
1 1 5 3.2255 0.0000 90.0000
0 2 0 0.0809 0.0000 90.0000
1 2 0 0.0809 0.0000 90.0000
0 2 1 0.0004 0.0000 90.0000
1 2 1 0.0004 0.0000 90.0000
0 2 2 0.0004 0.0000 90.0000
1 2 2 0.0004 0.0000 90.0000
0 2 3 0.0004 0.0000 90.0000
1 2 3 0.0004 0.0000 90.0000
0 2 4 2.3292 0.0000 90.0000
1 2 4 2.3292 0.0000 90.0000
0 2 5 2.3417 0.0000 90.0000
1 2 5 2.3417 0.0000 90.0000
0 3 0 0.3255 0.0000 90.0000
1 3 0 0.3255 0.0000 90.0000
0 3 1 0.0754 0.0000 90.0000
1 3 1 0.0754 0.0000 90.0000
0 3 2 0.0754 0.0000 90.0000
1 3 2 0.0754 0.0000 90.0000
0 3 3 0.0754 0.0000 90.0000
1 3 3 0.0754 0.0000 90.0000
0 3 4 3.1949 0.0000 90.0000
1 3 4 3.1949 0.0000 90.0000
0 3 5 1.6058 0.0000 90.0000
1 3 5 1.6058 0.0000 90.0000
0 4 0 0.8690 0.0000 90.0000
1 4 0 0.8690 0.0000 90.0000
0 4 1 0.8690 0.0000 90.0000
1 4 1 0.8690 0.0000 90.0000
0 4 2 0.8690 0.0000 90.0000
1 4 2 0.8690 0.0000 90.0000
0 4 3 0.8690 0.0000 90.0000
1 4 3 0.8690 0.0000 90.0000
0 4 4 2.3906 0.0000 90.0000
1 4 4 2.3906 0.0000 90.0000
0 4 5 3.5488 0.0000 90.0000
1 4 5 3.5488 0.0000 90.0000
0 5 0 137.6361 1.0000 90.0000
1 5 0 137.6361 1.0000 90.0000
0 5 1 0.9479 0.0000 90.0000
1 5 1 0.9479 0.0000 90.0000
0 5 2 0.9479 0.0000 90.0000
1 5 2 0.9479 0.0000 90.0000
0 5 3 0.9479 0.0000 90.0000
1 5 3 0.9479 0.0000 90.0000
0 5 4 2.4168 0.0000 90.0000
1 5 4 2.4168 0.0000 90.0000
0 5 5 2.3499 0.0000 90.0000
1 5 5 2.3499 0.0000 90.0000
0 6 0 134.9731 1.0000 90.0000
1 6 0 134.9731 1.0000 90.0000
0 6 1 0.0000 0.0000 90.0000
1 6 1 0.0000 0.0000 90.0000
0 6 2 0.0000 0.0000 90.0000
1 6 2 0.0000 0.0000 90.0000
0 6 3 0.0000 0.0000 90.0000
1 6 3 0.0000 0.0000 90.0000
0 6 4 2.3589 0.0000 90.0000
1 6 4 2.3589 0.0000 90.0000
0 6 5 2.3266 0.0000 90.0000
1 6 5 2.3266 0.0000 90.0000
0 7 0 84.7920 1.0000 90.0000
1 7 0 84.7920 1.0000 90.0000
0 7 1 0.0004 0.0000 90.0000
1 7 1 0.0004 0.0000 90.0000
0 7 2 0.0002 0.0000 90.0000
1 7 2 0.0002 0.0000 90.0000
0 7 3 0.0004 0.0000 90.0000
1 7 3 0.0004 0.0000 90.0000
0 7 4 2.3267 0.0000 90.0000
1 7 4 2.3267 0.0000 90.0000
0 7 5 2.3447 0.0000 90.0000
1 7 5 2.3447 0.0000 90.0000
0 8 0 0.1068 0.0000 90.0000
1 8 0 0.1068 0.0000 90.0000
0 8 1 0.0422 0.0000 90.0000
1 8 1 0.0422 0.0000 90.0000
0 8 2 0.0422 0.0000 90.0000
1 8 2 0.0422 0.0000 90.0000
0 8 3 0.0422 0.0000 90.0000
1 8 3 0.0422 0.0000 90.0000
0 8 4 2.9200 0.0000 90.0000
1 8 4 2.9200 0.0000 90.0000
0 8 5 2.0397 0.0000 90.0000
1 8 5 2.0397 0.0000 90.0000
0 9 0 18.9599 0.0000 90.0000
1 9 0 18.9599 0.0000 90.0000
0 9 1 0.0004 0.0000 90.0000
1 9 1 0.0004 0.0000 90.0000
0 9 2 0.0004 0.0000 90.0000
1 9 2 0.0004 0.0000 90.0000
0 9 3 0.0004 0.0000 90.0000
1 9 3 0.0004 0.0000 90.0000
0 9 4 2.3181 0.0000 90.0000
1 9 4 2.3181 0.0000 90.0000
0 9 5 2.3391 0.0000 90.0000
1 9 5 2.3391 0.0000 90.0000
0 10 0 0.3352 0.0000 90.0000
1 10 0 0.3352 0.0000 90.0000
0 10 1 0.0406 0.0000 90.0000
1 10 1 0.0406 0.0000 90.0000
0 10 2 0.0406 0.0000 90.0000
1 10 2 0.0406 0.0000 90.0000
0 10 3 0.0406 0.0000 90.0000
1 10 3 0.0406 0.0000 90.0000
0 10 4 1.8343 0.0000 90.0000
1 10 4 1.8343 0.0000 90.0000
0 10 5 2.9412 0.0000 90.0000
1 10 5 2.9412 0.0000 90.0000
0 11 0 112.0897 1.0000 90.0000
1 11 0 112.0897 1.0000 90.0000
0 11 1 0.0004 0.0000 90.0000
1 11 1 0.0004 0.0000 90.0000
0 11 2 0.0002 0.0000 90.0000
1 11 2 0.0002 0.0000 90.0000
0 11 3 0.0004 0.0000 90.0000
1 11 3 0.0004 0.0000 90.0000
0 11 4 2.3249 0.0000 90.0000
1 11 4 2.3249 0.0000 90.0000
0 11 5 2.3391 0.0000 90.0000
1 11 5 2.3391 0.0000 90.0000
0 12 0 192.2409 1.0000 90.0000
1 12 0 192.2409 1.0000 90.0000
0 12 1 0.0009 0.0000 90.0000
1 12 1 0.0009 0.0000 90.0000
0 12 2 0.0004 0.0000 90.0000
1 12 2 0.0004 0.0000 90.0000
0 12 3 0.0008 0.0000 90.0000
1 12 3 0.0008 0.0000 90.0000
0 12 4 2.3754 0.0000 90.0000
1 12 4 2.3754 0.0000 90.0000
0 12 5 2.3751 0.0000 90.0000
1 12 5 2.3751 0.0000 90.0000
0 13 0 0.6732 0.0000 90.0000
1 13 0 0.6732 0.0000 90.0000
0 13 1 0.5588 0.0000 90.0000
1 13 1 0.5588 0.0000 90.0000
0 13 2 0.5588 0.0000 90.0000
1 13 2 0.5588 0.0000 90.0000
0 13 3 0.5588 0.0000 90.0000
1 13 3 0.5588 0.0000 90.0000
0 13 4 2.3415 0.0000 90.0000
1 13 4 2.3415 0.0000 90.0000
0 13 5 2.3515 0.0000 90.0000
1 13 5 2.3515 0.0000 90.0000
0 14 0 169.0200 1.0000 90.0000
1 14 0 169.0200 1.0000 90.0000
0 14 1 0.1685 0.0000 90.0000
1 14 1 0.1685 0.0000 90.0000
0 14 2 0.0883 0.0000 90.0000
1 14 2 0.0883 0.0000 90.0000
0 14 3 0.1685 0.0000 90.0000
1 14 3 0.1685 0.0000 90.0000
0 14 4 2.0452 0.0000 90.0000
1 14 4 2.0452 0.0000 90.0000
0 14 5 2.5885 0.0000 90.0000
1 14 5 2.5885 0.0000 90.0000
0 15 0 1.9972 0.0000 90.0000
1 15 0 1.9972 0.0000 90.0000
0 15 1 0.0009 0.0000 90.0000
1 15 1 0.0009 0.0000 90.0000
0 15 2 0.0009 0.0000 90.0000
1 15 2 0.0009 0.0000 90.0000
0 15 3 0.0009 0.0000 90.0000
1 15 3 0.0009 0.0000 90.0000
0 15 4 2.3243 0.0000 90.0000
1 15 4 2.3243 0.0000 90.0000
0 15 5 2.3428 0.0000 90.0000
1 15 5 2.3428 0.0000 90.0000
0 16 0 0.5058 0.0000 90.0000
1 16 0 0.5058 0.0000 90.0000
0 16 1 0.5058 0.0000 90.0000
1 16 1 0.5058 0.0000 90.0000
0 16 2 0.5058 0.0000 90.0000
1 16 2 0.5058 0.0000 90.0000
0 16 3 0.5058 0.0000 90.0000
1 16 3 0.5058 0.0000 90.0000
0 16 4 2.4344 0.0000 90.0000
1 16 4 2.4344 0.0000 90.0000
0 16 5 2.4373 0.0000 90.0000
1 16 5 2.4373 0.0000 90.0000
0 17 0 1383.6579 1.0000 90.0000
1 17 0 1383.6579 1.0000 90.0000
0 17 1 0.0201 0.0000 90.0000
1 17 1 0.0201 0.0000 90.0000
0 17 2 0.0201 0.0000 90.0000
1 17 2 0.0201 0.0000 90.0000
0 17 3 0.0201 0.0000 90.0000
1 17 3 0.0201 0.0000 90.0000
0 17 4 2.2286 0.0000 90.0000
1 17 4 2.2286 0.0000 90.0000
0 17 5 2.3046 0.0000 90.0000
1 17 5 2.3046 0.0000 90.0000
0 18 0 435.8611 1.0000 90.0000
1 18 0 435.8611 1.0000 90.0000
0 18 1 0.0278 0.0000 90.0000
1 18 1 0.0278 0.0000 90.0000
0 18 2 0.0278 0.0000 90.0000
1 18 2 0.0278 0.0000 90.0000
0 18 3 0.0278 0.0000 90.0000
1 18 3 0.0278 0.0000 90.0000
0 18 4 2.2447 0.0000 90.0000
1 18 4 2.2447 0.0000 90.0000
0 18 5 2.1965 0.0000 90.0000
1 18 5 2.1965 0.0000 90.0000
0 19 0 0.1809 0.0000 90.0000
1 19 0 0.1809 0.0000 90.0000
0 19 1 0.0514 0.0000 90.0000
1 19 1 0.0514 0.0000 90.0000
0 19 2 0.0514 0.0000 90.0000
1 19 2 0.0514 0.0000 90.0000
0 19 3 0.0514 0.0000 90.0000
1 19 3 0.0514 0.0000 90.0000
0 19 4 2.9933 0.0000 90.0000
1 19 4 2.9933 0.0000 90.0000
0 19 5 3.0115 0.0000 90.0000
1 19 5 3.0115 0.0000 90.0000
0 20 0 0.1690 0.0000 90.0000
1 20 0 0.1690 0.0000 90.0000
0 20 1 0.0004 0.0000 90.0000
1 20 1 0.0004 0.0000 90.0000
0 20 2 0.0002 0.0000 90.0000
1 20 2 0.0002 0.0000 90.0000
0 20 3 0.0002 0.0000 90.0000
1 20 3 0.0002 0.0000 90.0000
0 20 4 2.3447 0.0000 90.0000
1 20 4 2.3447 0.0000 90.0000
0 20 5 2.2850 0.0000 90.0000
1 20 5 2.2850 0.0000 90.0000
0 21 0 0.4518 0.0000 90.0000
1 21 0 0.4518 0.0000 90.0000
0 21 1 0.0414 0.0000 90.0000
1 21 1 0.0414 0.0000 90.0000
0 21 2 0.0414 0.0000 90.0000
1 21 2 0.0414 0.0000 90.0000
0 21 3 0.0414 0.0000 90.0000
1 21 3 0.0414 0.0000 90.0000
0 21 4 2.9191 0.0000 90.0000
1 21 4 2.9191 0.0000 90.0000
0 21 5 1.8366 0.0000 90.0000
1 21 5 1.8366 0.0000 90.0000
0 22 0 6.6719 0.0000 90.0000
1 22 0 6.6719 0.0000 90.0000
0 22 1 0.0048 0.0000 90.0000
1 22 1 0.0048 0.0000 90.0000
0 22 2 0.0023 0.0000 90.0000
1 22 2 0.0023 0.0000 90.0000
0 22 3 0.0048 0.0000 90.0000
1 22 3 0.0048 0.0000 90.0000
0 22 4 2.3112 0.0000 90.0000
1 22 4 2.3112 0.0000 90.0000
0 22 5 2.5303 0.0000 90.0000
1 22 5 2.5303 0.0000 90.0000
0 23 0 878.8338 1.0000 90.0000
1 23 0 878.8338 1.0000 90.0000
0 23 1 0.0004 0.0000 90.0000
1 23 1 0.0004 0.0000 90.0000
0 23 2 0.0002 0.0000 90.0000
1 23 2 0.0002 0.0000 90.0000
0 23 3 0.0004 0.0000 90.0000
1 23 3 0.0004 0.0000 90.0000
0 23 4 2.3139 0.0000 90.0000
1 23 4 2.3139 0.0000 90.0000
0 23 5 2.3703 0.0000 90.0000
1 23 5 2.3703 0.0000 90.0000
0 24 0 0.1070 0.0000 90.0000
1 24 0 0.1070 0.0000 90.0000
0 24 1 0.0427 0.0000 90.0000
1 24 1 0.0427 0.0000 90.0000
0 24 2 0.0427 0.0000 90.0000
1 24 2 0.0427 0.0000 90.0000
0 24 3 0.0427 0.0000 90.0000
1 24 3 0.0427 0.0000 90.0000
0 24 4 2.5150 0.0000 90.0000
1 24 4 2.5150 0.0000 90.0000
0 24 5 2.2404 0.0000 90.0000
1 24 5 2.2404 0.0000 90.0000
0 25 0 19.6168 0.0000 90.0000
1 25 0 19.6168 0.0000 90.0000
0 25 1 0.0004 0.0000 90.0000
1 25 1 0.0004 0.0000 90.0000
0 25 2 0.0002 0.0000 90.0000
1 25 2 0.0002 0.0000 90.0000
0 25 3 0.0004 0.0000 90.0000
1 25 3 0.0004 0.0000 90.0000
0 25 4 2.2809 0.0000 90.0000
1 25 4 2.2809 0.0000 90.0000
0 25 5 2.3281 0.0000 90.0000
1 25 5 2.3281 0.0000 90.0000
0 26 0 0.3360 0.0000 90.0000
1 26 0 0.3360 0.0000 90.0000
0 26 1 0.0418 0.0000 90.0000
1 26 1 0.0418 0.0000 90.0000
0 26 2 0.0418 0.0000 90.0000
1 26 2 0.0418 0.0000 90.0000
0 26 3 0.0418 0.0000 90.0000
1 26 3 0.0418 0.0000 90.0000
0 26 4 2.1681 0.0000 90.0000
1 26 4 2.1681 0.0000 90.0000
0 26 5 2.5849 0.0000 90.0000
1 26 5 2.5849 0.0000 90.0000
0 27 0 19.7503 0.0000 90.0000
1 27 0 19.7503 0.0000 90.0000
0 27 1 0.5613 0.0000 90.0000
1 27 1 0.5613 0.0000 90.0000
0 27 2 0.5612 0.0000 90.0000
1 27 2 0.5612 0.0000 90.0000
0 27 3 0.5613 0.0000 90.0000
1 27 3 0.5613 0.0000 90.0000
0 27 4 3.2219 0.0000 90.0000
1 27 4 3.2219 0.0000 90.0000
0 27 5 2.4658 0.0000 90.0000
1 27 5 2.4658 0.0000 90.0000
0 28 0 1989.9420 1.0000 90.0000
1 28 0 1989.9420 1.0000 90.0000
0 28 1 0.0004 0.0000 90.0000
1 28 1 0.0004 0.0000 90.0000
0 28 2 0.0002 0.0000 90.0000
1 28 2 0.0002 0.0000 90.0000
0 28 3 0.0030 0.0000 90.0000
1 28 3 0.0030 0.0000 90.0000
0 28 4 2.4000 0.0000 90.0000
1 28 4 2.4000 0.0000 90.0000
0 28 5 2.3441 0.0000 90.0000
1 28 5 2.3441 0.0000 90.0000
0 29 0 0.0979 0.0000 90.0000
1 29 0 0.0979 0.0000 90.0000
0 29 1 0.0164 0.0000 90.0000
1 29 1 0.0164 0.0000 90.0000
0 29 2 0.0165 0.0000 90.0000
1 29 2 0.0165 0.0000 90.0000
0 29 3 0.0149 0.0000 90.0000
1 29 3 0.0149 0.0000 90.0000
0 29 4 2.3008 0.0000 90.0000
1 29 4 2.3008 0.0000 90.0000
0 29 5 2.3300 0.0000 90.0000
1 29 5 2.3300 0.0000 90.0000
0 30 0 64.0889 1.0000 90.0000
1 30 0 64.0889 1.0000 90.0000
0 30 1 0.0004 0.0000 90.0000
1 30 1 0.0004 0.0000 90.0000
0 30 2 0.0002 0.0000 90.0000
1 30 2 0.0002 0.0000 90.0000
0 30 3 0.0004 0.0000 90.0000
1 30 3 0.0004 0.0000 90.0000
0 30 4 2.3442 0.0000 90.0000
1 30 4 2.3442 0.0000 90.0000
0 30 5 2.3140 0.0000 90.0000
1 30 5 2.3140 0.0000 90.0000
