0 -4729791.5 98304.0 4147762.0 86016.0 17629 crate-2957
1 -4673345.5 113204.6 4148189.5 100916.6 17630 crate-2958
2 -4684461.0 100071.8 4105010.5 87783.8 17631 crate-2959
3 -4743885.5 74598.3 4073802.0 62310.3 17632 crate-2960
4 -4672490.5 94984.9 4042166.0 82696.9 17633 crate-2961
5 -4770558.0 73728.0 4034736.5 61440.0 17636 crate-2964
6 -4865727.0 73728.0 4091757.5 61440.0 17627 crate-2955
7 -4783216.5 87952.5 4139472.2 75664.5 17628 crate-2956
8 -4779159.0 73728.0 4034521.5 61440.0 17637 crate-2965
9 -4737687.0 30070.4 3899118.5 17782.4 17638 crate-2966
10 -4711202.5 29736.8 3872634.2 17448.8 17639 crate-2967
11 -4779159.0 73728.0 4025705.5 61440.0 17634 crate-2962
12 -4770558.0 73728.0 4025920.5 61440.0 17635 crate-2963
13 -4840339.0 81920.0 3591867.8 69632.0 17645 crate-2973
14 -4851609.0 81920.0 3591867.8 69632.0 17646 crate-2974
15 -4785020.5 29932.3 3739085.8 17644.3 17640 crate-2968
16 -4769732.0 28672.0 3738886.8 16384.0 17641 crate-2969
17 -4887576.5 75306.1 3755990.5 63018.1 17643 crate-2971
18 -4896029.0 75306.1 3730069.8 63018.1 17644 crate-2972
19 -4926397.0 99536.0 3571685.2 87248.0 17647 crate-2975
20 -4881105.5 104339.2 3503399.2 92051.2 17649 crate-2977
21 -4932436.0 116553.9 3491089.2 104265.9 17650 crate-2978
22 -4941030.0 116553.9 3491089.2 104265.9 17651 crate-2979
23 -4949623.5 116553.9 3491089.2 104265.9 17652 crate-2980
24 -4871118.0 104339.2 3515941.5 92051.2 17648 crate-2976
25 -4869545.0 75306.1 3744157.2 63018.1 17642 crate-2970
26 -5040152.5 73728.0 4067222.2 61440.0 17625 crate-2953
27 -5040152.5 73728.0 4075939.5 61440.0 17626 crate-2954
28 -5264649.0 41434.7 4219992.5 29146.7 17622 crate-2950
29 -5305539.5 42480.2 4228975.0 30192.2 17623 crate-2951
30 -5304065.0 42303.0 4194385.5 30015.0 17624 crate-2952
