# physics_mesh.txt — per-link extremal skinned-vertex offsets (bone-local bind space, game units)
# generated by .autoport/physics_c14_meshsamples.py — derived data, DO NOT hand-tune
model keira-hd
ms chestR 0 3 111.4 -717.8 57.6 3.0 -737.9 1.7 -1.4 -558.6 -260.8
ms chestL 0 3 -3.0 737.9 -1.7 -111.4 717.8 -57.7 1.4 558.6 260.7
ms backhair 0 5 584.1 -797.4 -228.5 701.0 -718.1 -286.9 -584.1 -797.4 -228.5 -701.0 -718.1 -286.9 -0.0 -901.7 -374.5
ms backhair 1 5 642.5 -301.0 -47.0 701.0 -313.5 -134.6 -642.5 -301.0 -47.0 -701.0 -313.5 -134.6 -0.0 -497.1 -222.2
ms rmidhair 0 4 -1437.7 -303.2 -1413.6 -316.0 177.1 -387.2 -1235.5 -504.4 -579.1 -204.2 79.9 197.0
ms rmidhair 1 5 -598.5 56.2 -993.4 565.1 15.3 37.2 -475.1 -378.0 -158.9 88.5 -44.8 300.0 -643.4 54.2 -968.4
ms lmidhair 0 5 1235.5 504.4 579.1 204.2 -79.9 -197.0 1211.7 533.5 608.3 316.0 -177.1 387.2 1207.5 255.2 800.2
ms lmidhair 1 4 475.1 378.0 158.9 634.3 97.4 964.2 -565.1 -15.3 -37.2 643.4 -54.2 968.4
ms rbang 0 5 -269.8 184.7 -34.3 -301.2 223.8 36.6 -503.2 -297.4 -109.4 -447.0 -107.6 40.8 -545.0 0.9 -67.7
ms rbang 1 3 -250.7 150.8 -155.3 -264.4 181.2 -109.4 -529.7 -11.9 -147.0
ms rbang 2 3 -475.3 -60.1 -53.8 -186.4 -37.1 96.4 -716.5 -1.4 -229.1
ms lbang 0 5 503.2 297.4 109.4 447.0 107.6 -40.8 269.8 -184.7 34.3 301.2 -223.7 -36.6 545.0 -0.9 67.7
ms lbang 1 3 529.7 11.9 147.0 250.7 -150.8 155.3 264.4 -181.2 109.4
ms lbang 2 3 475.2 60.1 53.8 186.3 37.1 -96.4 716.5 1.4 229.1
ms kneeflapL 0 3 144.9 489.7 192.9 -241.6 524.0 192.9 141.9 456.5 318.1
ms kneeflapR 0 3 241.6 -523.9 -192.9 -144.9 -489.7 -192.9 -141.9 -456.5 -318.1
ms goggles 0 5 58.4 3.5 183.9 37.6 -132.0 57.5 -58.4 3.5 183.9 -37.6 -132.0 57.5 0.0 -155.8 113.4
ms earL 0 5 255.9 238.2 -8.3 292.5 1040.9 248.4 -176.6 559.4 32.6 -146.0 572.0 155.8 6.6 1674.1 351.1
ms earL 1 5 333.4 -261.3 -89.8 346.9 -255.9 -26.6 -129.3 -66.2 -61.9 -139.1 -48.1 -8.7 -130.9 1189.3 330.9
ms earR 0 5 176.6 -559.4 -32.6 146.0 -572.0 -155.8 -255.9 -238.2 8.3 -292.5 -1040.9 -248.4 -6.6 -1674.1 -351.1
ms earR 1 5 129.3 66.2 61.9 139.1 48.1 8.7 -333.4 261.3 89.8 -346.9 255.9 26.6 130.9 -1189.3 -330.9
model keira3-hd
ms chestR 0 3 111.3 -717.7 58.5 2.9 -737.6 -1.6 -1.4 -558.5 -259.9
ms chestL 0 3 -2.9 737.6 1.6 -111.3 717.7 -58.5 1.4 558.5 259.9
ms backhair 0 5 692.5 -205.9 84.4 792.7 -155.8 -228.5 -692.5 -205.9 84.4 -792.7 -155.8 -228.5 -479.8 -585.6 -140.9
ms backhair 1 5 642.5 -435.4 -101.2 713.4 -460.5 -209.7 -650.8 -439.6 -105.4 -713.4 -460.5 -209.7 -0.0 -748.3 -359.9
ms rmidhair 0 5 -1492.2 -515.0 -783.6 -290.1 235.9 -303.8 -1384.8 -508.0 -395.6 -265.8 34.8 184.3 -1511.4 -175.1 -1071.5
ms rmidhair 1 3 -705.8 7.5 -997.5 -635.8 -308.9 53.8 -741.0 14.4 -951.7
ms lmidhair 0 5 1359.2 519.4 399.8 249.7 -48.0 -175.9 1492.2 515.0 783.6 290.1 -235.9 303.8 1521.1 183.0 1063.1
ms lmidhair 1 3 614.1 326.5 -49.6 712.0 -41.3 997.5 742.0 -36.9 960.0
ms rbang 0 4 -181.8 195.2 -22.0 -307.5 158.4 49.0 -313.6 -7.2 -122.1 -404.5 112.5 36.4
ms rbang 1 3 -242.5 241.4 -259.8 -279.9 192.5 -97.1 1.2 -115.4 -13.6
ms rbang 2 5 -158.6 32.1 -133.2 -189.5 81.3 -95.7 -753.4 29.5 -120.7 -761.5 70.5 -112.3 -867.0 87.9 -191.6
ms lbang 0 4 316.2 3.9 122.1 171.4 -182.1 97.1 181.8 -168.4 -44.8 405.8 -127.5 -40.6
ms lbang 1 3 49.0 14.5 147.1 259.8 -229.0 238.9 283.7 -190.8 126.3
ms lbang 2 3 922.9 38.0 191.6 593.8 -61.0 37.2 172.4 -37.9 95.7
ms kneeflapL 0 3 144.5 489.6 192.9 -242.0 523.9 192.9 141.6 456.4 318.1
ms kneeflapR 0 3 242.0 -523.9 -192.9 -144.5 -489.6 -192.9 -141.6 -456.4 -318.1
ms goggles 0 5 58.4 2.7 183.6 37.5 -132.8 57.3 -58.4 2.7 183.6 -37.5 -132.8 57.3 0.0 -156.7 113.2
ms earL 0 5 323.1 933.2 78.0 295.0 27.5 18.2 -203.0 311.6 37.9 -179.0 304.5 68.0 10.6 1115.7 190.8
ms earL 1 2 312.6 43.0 -92.8 6.8 1221.6 241.7
ms earR 0 5 203.0 -311.6 -37.9 179.1 -304.5 -68.0 -323.1 -933.2 -78.0 -295.0 -27.5 -18.2 -10.6 -1115.7 -190.8
ms earR 1 2 -312.6 -43.0 92.8 -6.7 -1221.6 -241.7
model samos-hd
ms beard 0 4 264.5 262.0 -755.3 264.5 262.0 755.3 -243.7 288.2 -843.1 -243.7 288.2 843.1
ms beard 1 5 -25.4 -208.2 -1115.4 -25.4 -208.2 1115.4 -36.0 19.5 -1106.6 -36.0 19.5 1106.6 629.1 609.6 0.0
ms beard 2 5 30.4 -46.0 -948.5 30.4 -46.0 948.5 20.4 431.7 -860.7 20.4 431.7 860.7 420.2 1600.0 -0.0
ms ponytail 0 4 32.4 241.7 -295.2 953.3 -1403.4 1984.2 -221.7 254.9 -194.3 -332.2 -1886.6 1380.8
ms ponytail 1 5 72.4 305.3 -186.0 83.3 305.3 155.9 -279.8 1280.2 -2.3 -137.5 1297.8 219.6 60.2 1552.4 -162.6
ms hairL 0 4 15.1 174.0 -98.4 6.9 821.7 121.2 -99.5 832.1 -36.9 -57.1 820.7 121.2
ms hairL 1 4 16.3 783.4 858.9 -196.1 403.5 -1.4 -30.7 777.8 850.2 -31.3 1150.6 577.9
ms hairR 0 4 99.5 -832.1 36.9 57.1 -820.7 -121.2 -15.1 -174.0 98.4 -6.9 -821.7 -121.2
ms hairR 1 4 196.1 -403.5 1.4 30.7 -777.8 -850.2 -16.3 -783.4 -858.9 31.3 -1150.7 -577.9
ms logL 0 3 -108.0 2647.0 1098.1 -122.9 2647.0 -1543.0 1489.4 2532.8 -118.5
ms logR 0 3 -183.4 2647.0 1475.8 -321.6 2524.0 -1125.0 1329.9 2611.9 -66.2
ms earL 0 5 140.9 886.3 -143.8 388.7 755.3 71.7 -168.4 621.5 -146.6 -100.7 28.5 229.1 132.9 1449.4 -55.3
ms earL 1 3 148.9 361.0 -138.0 60.3 1780.3 -95.4 86.6 -587.5 0.0
ms earR 0 5 221.9 621.5 -24.9 207.4 139.3 1.8 -360.5 755.3 -162.0 -47.4 28.5 245.7 -77.9 1449.4 -121.0
ms earR 1 4 -75.1 -587.5 -43.1 -122.2 -546.2 96.9 -4.7 1780.3 -112.8 -17.1 365.0 33.2
model ysamos-hd
ms frofront 0 2 588.8 1033.2 632.7 -557.2 1035.1 618.7
ms fromid 0 1 -0.0 1676.2 -2.7
ms froback 0 3 525.5 1524.5 365.7 -506.5 1729.9 -100.1 519.2 1377.4 925.5
ms logL 0 5 2185.1 688.6 422.6 2153.4 758.2 -299.2 -5.6 -159.8 637.8 -5.6 -159.8 -647.5 2172.4 -805.6 11.0
ms logR 0 5 5.6 159.8 -637.8 5.6 159.8 647.5 -2185.1 -707.6 -340.3 -2166.1 -764.6 115.6 -2172.4 799.3 -61.7
ms earL 0 3 347.1 696.6 70.2 -207.6 494.8 -129.7 -222.9 250.7 58.8
ms earL 1 4 -163.7 660.7 -222.5 -320.4 1486.5 -219.8 -141.2 -96.8 -90.0 -149.5 -67.1 37.3
ms earR 0 3 153.3 -1118.4 -34.7 222.9 -504.2 -28.1 -366.2 -687.8 58.5
ms earR 1 4 167.5 96.8 0.9 106.7 67.1 -111.2 -292.9 -92.4 77.7 388.2 -1486.5 15.2
model jak-hd
ms hair 0 5 830.5 938.5 -464.3 16.5 494.2 957.3 -1129.5 1093.3 -314.7 -555.0 479.7 876.1 59.9 1399.0 298.0
ms hair 1 5 898.3 548.9 -564.4 -4.5 84.8 611.8 -1138.6 35.9 -316.1 -550.8 -430.7 729.7 41.7 1113.9 -58.9
ms earL 0 2 6.2 987.8 -267.9 -154.9 485.7 -402.3
ms earL 1 3 6.2 -36.2 -267.9 -58.0 -224.1 -358.2 203.0 1043.8 -143.4
ms earR 0 2 154.5 -486.5 401.6 -7.1 -988.2 266.4
ms earR 1 3 57.3 223.6 357.0 -7.1 35.8 266.4 -204.8 -1043.9 140.3
ms collarL 0 3 185.7 429.5 75.2 -332.8 5.3 36.1 -574.3 622.0 -10.6
ms collarR 0 3 325.7 15.3 113.0 575.0 677.8 177.1 -197.1 471.9 -3.3
ms packstrap 0 1 469.5 -10.4 -29.1
ms packstrap 1 3 230.1 332.4 115.9 -216.6 346.2 159.2 3.6 433.9 24.9
ms handLtop 0 2 79.3 475.2 26.7 -3.9 477.7 -106.5
ms handLtop 1 4 52.2 528.6 104.3 -60.4 297.1 -91.3 -66.7 672.2 -70.0 -45.0 670.0 -84.0
ms handLbot 0 2 30.6 439.8 -101.8 76.0 575.6 71.9
ms handLbot 1 2 -37.2 732.3 -119.7 -71.8 732.7 -107.8
ms handRtop 0 2 3.9 -477.6 106.5 -79.3 -475.2 -26.7
ms handRtop 1 4 60.4 -297.1 91.2 66.7 -672.1 70.0 -52.2 -528.6 -104.3 45.0 -670.0 83.9
ms handRbot 0 2 76.0 175.8 552.8 30.6 -19.7 450.9
ms handRbot 1 2 -149.0 637.4 351.4 -183.9 635.5 340.4
ms footstrapL 0 2 117.7 487.0 -47.6 -165.9 462.7 168.9
ms anklestrapL 0 3 75.6 194.4 -182.9 34.3 284.2 -178.9 62.0 341.8 178.5
ms footstrapR 0 2 159.0 -458.8 65.8 -193.9 -446.2 9.5
ms anklestrapR 0 3 -26.4 347.3 -96.6 -59.2 195.3 -178.8 -45.3 342.7 182.7
ms shirtL 0 5 61.5 -77.0 -446.0 97.9 49.2 450.0 -378.5 1130.1 -607.1 -425.5 1052.2 759.8 606.5 1041.9 81.8
ms shirtR 0 5 378.2 -1124.3 617.8 425.6 -1059.4 -749.7 -61.6 81.2 445.3 -97.7 -53.5 -449.5 -606.7 -1042.5 -72.1
ms belt 0 3 13.9 385.1 226.7 -50.7 376.3 220.8 -0.7 398.8 -220.1
model jak2-hd
ms hair 0 5 1105.9 1078.4 -143.4 461.7 138.1 957.1 -800.6 673.9 -722.1 -677.7 361.5 790.8 -119.2 1573.9 -161.4
ms hair 1 5 889.9 432.2 -581.7 167.6 -9.5 382.6 -789.4 554.1 -639.5 -539.9 -71.8 5.3 201.1 857.5 206.0
ms horns 0 2 688.9 -2.1 1.5 -688.9 -2.1 1.5
ms kneestrapL 0 3 36.7 532.6 143.0 -169.2 544.6 70.6 -127.8 322.8 -101.2
ms kneestrapR 0 3 171.3 545.9 52.9 -37.2 538.6 118.1 134.3 317.1 -110.4
ms earL 0 4 2.9 1120.9 265.4 -169.2 404.6 -100.0 -208.4 511.5 249.5 44.5 1146.2 240.3
ms earL 1 3 2.9 96.9 265.4 -25.9 -69.9 270.6 170.5 1685.4 47.8
ms earR 0 4 169.2 -404.6 100.0 208.4 -511.5 -249.5 -2.9 -1120.9 -265.4 -44.5 -1146.2 -240.3
ms earR 1 3 25.9 69.9 -270.6 -2.9 -96.9 -265.4 -170.5 -1685.4 -47.8
model jak3-hd
ms hair 0 4 868.5 539.9 344.7 317.5 -236.6 702.4 -849.8 526.9 321.8 -46.7 203.4 968.8
ms horns 0 2 541.6 -1.6 0.1 -541.6 -1.6 0.1
ms packstrap 0 4 190.1 -698.0 736.9 -91.3 -587.6 589.1 -336.3 244.5 -226.7 -2.6 -746.5 -20.8
ms earL 0 4 0.9 1125.5 264.9 -167.8 406.4 -99.5 -206.9 505.5 252.0 40.1 1144.6 238.1
ms earL 1 3 0.9 101.5 264.9 -29.2 -73.3 268.9 171.8 1683.9 46.7
ms earR 0 4 167.8 -406.4 99.5 206.9 -505.5 -252.0 -0.9 -1125.5 -264.9 -40.1 -1144.6 -238.1
ms earR 1 3 29.2 73.3 -268.9 -0.9 -101.5 -264.9 -171.8 -1683.9 -46.7
model jakm-hd
ms hair 0 4 868.5 539.9 344.7 317.5 -236.6 702.4 -849.8 526.9 321.8 -46.7 203.4 968.8
ms horns 0 2 541.6 -1.6 0.1 -541.6 -1.6 0.1
ms packstrap 0 4 190.1 -698.0 736.9 -91.3 -587.6 589.1 -336.3 244.5 -226.7 -2.6 -746.5 -20.8
ms earL 0 4 0.9 1125.5 264.9 -167.8 406.4 -99.5 -206.9 505.5 252.0 40.1 1144.6 238.1
ms earL 1 3 0.9 101.5 264.9 -29.2 -73.3 268.9 171.8 1683.9 46.7
ms earR 0 4 167.8 -406.4 99.5 206.9 -505.5 -252.0 -0.9 -1125.5 -264.9 -40.1 -1144.6 -238.1
ms earR 1 3 29.2 73.3 -268.9 -0.9 -101.5 -264.9 -171.8 -1683.9 -46.7
model dax-hd
ms earL 0 4 90.7 511.9 -149.0 181.1 516.8 124.3 -150.4 506.2 -59.2 -86.1 51.4 46.8
ms earL 1 5 220.8 9.2 -17.5 208.2 11.8 31.4 -29.5 12.0 -176.3 -144.8 134.2 129.7 -5.0 481.1 24.6
ms earR 0 4 181.1 516.8 -124.3 90.7 511.9 149.0 -96.8 81.3 -16.5 -150.4 506.2 59.2
ms earR 1 5 198.0 132.4 -6.5 205.5 13.2 81.5 -66.0 243.8 -177.6 -80.0 12.0 159.8 69.0 484.7 8.3
ms flapL 0 3 83.8 216.1 -10.1 90.1 224.2 16.5 -281.0 130.1 46.6
ms flapL 1 5 35.1 291.5 -62.3 28.8 291.7 103.4 -58.0 307.6 -64.3 -60.7 307.8 103.5 -9.9 397.6 104.7
ms flapR 0 3 90.1 224.2 -16.5 83.8 216.1 10.1 -281.0 130.1 -46.6
ms flapR 1 5 28.8 291.7 -103.4 35.1 291.5 62.3 -60.7 307.8 -103.5 -58.0 307.6 64.3 -9.9 397.6 -104.6
ms tail 0 3 -663.9 -732.7 0.0 -634.7 -617.9 -130.4 36.8 -963.0 0.0
ms tail 1 4 135.5 -760.6 146.7 135.5 -760.6 -146.7 -496.1 -752.1 0.0 -451.3 -752.7 -114.1
ms tail 2 5 8.0 -236.2 256.7 8.0 -236.2 -256.7 -418.8 -266.1 0.0 -374.1 -262.9 -110.0 -249.1 -997.6 0.0
ms tail 3 5 43.3 -10.9 216.0 43.3 -10.9 -216.0 -249.7 -24.8 0.0 -164.2 -20.7 -179.3 18.8 -1382.8 0.0
model daxp-hd
ms earL 0 4 91.7 575.6 -153.5 182.7 574.8 127.5 -539.2 -72.8 -383.1 81.6 676.2 168.7
ms earL 1 5 221.9 9.6 -20.3 211.7 11.7 32.9 -28.8 10.4 -176.5 -142.1 134.6 129.7 -4.7 480.2 24.2
ms earR 0 4 182.5 578.1 -127.3 91.7 575.6 153.5 -179.4 632.8 12.3 81.6 676.2 -168.7
ms earR 1 5 195.9 132.5 -5.8 205.8 12.9 84.5 -63.2 241.2 -179.8 -79.4 10.4 160.2 65.1 487.6 8.6
ms flapL 0 4 86.3 217.0 -10.1 87.5 223.6 14.1 -278.8 130.2 47.6 76.7 403.1 1.8
ms flapL 1 5 34.2 290.4 -62.4 30.1 290.6 104.1 -56.6 306.8 -64.9 -60.6 307.0 101.7 -11.8 396.8 103.0
ms flapR 0 4 87.5 223.6 -14.1 86.3 217.0 10.1 -278.8 130.2 -47.6 76.7 403.1 -1.8
ms flapR 1 5 30.1 290.6 -104.1 34.2 290.4 62.4 -60.6 307.0 -101.6 -56.6 306.8 64.9 -11.8 396.8 -103.0
ms tail 0 4 109.7 190.6 -490.3 189.4 481.8 452.1 -109.7 190.6 -490.3 -0.0 461.7 524.6
ms tail 1 4 232.7 -468.4 -201.7 189.4 -42.7 530.8 -0.0 150.3 -308.5 -0.0 -27.4 604.5
ms tail 2 4 196.1 133.6 -115.8 232.7 139.8 122.8 -196.1 133.6 -115.8 -232.7 139.8 122.8
ms tail 3 4 179.5 -91.3 -89.8 212.7 -107.9 109.0 -179.5 -91.3 -89.8 -212.7 -107.9 109.0
ms tail 4 5 109.7 139.1 -51.5 142.9 137.7 55.3 -109.7 139.1 -51.5 -142.9 137.7 55.3 -0.0 751.9 0.8
ms pantlegL 0 4 381.1 217.7 -241.3 -4.5 220.9 -460.7 -267.0 278.4 405.6 387.7 248.6 288.3
ms pantlegR 0 4 267.0 -278.4 -405.6 -381.1 -217.7 241.3 4.5 -220.9 460.7 -387.7 -248.6 -288.3
model jakp-hd
ms hair 0 5 1110.3 1090.8 -104.8 462.1 139.1 957.8 -802.2 675.8 -725.0 -1046.1 1005.5 11.5 -121.9 1573.3 -164.9
ms hair 1 5 892.1 434.5 -577.6 166.9 -6.7 381.3 -789.4 555.9 -637.5 -539.1 -72.0 6.8 199.0 859.6 208.4
ms horns 0 2 686.7 0.2 -1.9 -686.7 0.2 -1.9
model sage-lod0 sage-bluehut-lod0 sage-village3-lod0 green-sagecage-lod0
ms beard 0 4 -243.2 1662.4 -547.7 -243.2 1662.4 547.7 -597.1 1670.8 -793.8 -597.1 1670.8 793.8
ms beard 1 5 617.9 -283.9 -785.9 617.9 -283.9 785.9 288.7 -994.8 -1190.7 288.7 -994.8 1190.7 418.9 1606.8 -0.0
ms ponytail 0 5 602.4 -526.3 -1084.6 194.8 1266.7 257.4 -98.5 31.3 -727.4 -31.2 1198.3 343.2 -5.0 1450.4 -64.4
ms ponytail 1 4 240.0 267.6 -12.2 -238.5 1065.4 -72.1 -315.1 1065.4 76.0 23.7 1291.6 -164.3
ms hairL 0 3 22.0 1008.1 -93.0 85.6 1015.7 38.0 -61.6 1018.2 -69.2
ms hairL 1 5 113.4 976.3 -140.8 230.1 809.7 454.4 -84.9 511.7 -80.9 -147.0 922.9 133.5 -96.6 1020.2 -57.1
ms logL 0 3 -218.9 2564.0 1331.8 -509.1 2540.2 -1275.2 1304.7 2564.0 305.5
ms logR 0 3 -509.1 2540.2 1275.2 -218.8 2564.0 -1331.8 1304.7 2564.0 -305.5
ms belly 0 5 204.8 431.0 -365.2 204.8 431.0 365.2 -533.4 -1085.2 -619.2 -533.4 -1085.2 619.2 109.6 423.1 0.0
ms earL 0 5 240.3 1080.0 -43.8 461.2 982.0 202.6 -238.1 781.0 -45.6 -276.6 284.4 17.0 86.2 1711.8 74.0
ms earL 1 1 -11.6 1816.9 -18.3
ms earR 0 4 217.9 284.4 171.2 -494.6 982.0 -95.6 -255.5 1617.0 91.3 -113.0 1711.8 11.8
ms earR 1 2 19.2 1816.9 -10.1 18.1 1177.1 31.9
model assistant-lod0 assistant-village2-lod0 assistant-village3-lod0 assistant-firecanyon-lod0 assistant-lavatube-start-lod0 assistant-lavatube-end-lod0
ms chestR 0 3 370.3 148.5 -550.2 29.2 170.6 -627.2 -124.9 49.5 -462.1
ms chestL 0 3 -29.2 -191.1 621.3 -370.3 -166.6 545.0 124.9 -64.7 460.2
ms backhair 0 4 539.3 -239.1 -45.8 319.2 -162.0 -310.0 -539.3 -239.1 -45.8 -319.2 -162.0 -310.0
ms backhair 1 5 605.3 -128.6 -9.7 847.5 -304.7 -328.9 -605.3 -128.6 -9.7 -847.5 -304.7 -328.9 -0.0 -502.8 -284.9
ms hairL 0 4 450.1 1117.9 -18.9 265.9 643.2 182.1 -343.6 1139.4 -185.8 -84.3 307.9 130.7
ms hairL 1 2 489.8 179.5 -37.7 16.2 1239.1 -148.4
ms hairR 0 4 265.9 643.2 -182.2 450.1 1117.9 18.8 -84.3 307.9 -130.7 -343.6 1139.4 185.9
ms hairR 1 2 489.7 179.5 38.9 15.9 1239.1 148.5
ms flipL 0 4 147.1 415.9 46.0 -523.4 132.9 -205.2 -500.7 354.3 65.3 2.1 778.9 -3.9
ms flipL 1 4 67.1 238.4 -96.1 -65.0 90.5 -47.7 -197.7 -142.2 325.3 -65.5 720.2 33.2
ms flipL 2 2 -55.8 557.9 -25.9 -0.0 1036.7 -3.9
ms flipR 0 4 520.0 132.9 -213.7 501.7 354.3 57.1 -146.3 415.9 48.4 -2.1 778.9 -3.8
ms flipR 1 4 4.2 115.2 37.4 305.9 -202.7 174.6 -188.0 170.7 78.2 -266.9 430.7 517.1
ms flipR 2 2 55.6 557.9 -26.2 0.0 1036.7 -3.9
ms kneeflapL 0 5 196.3 446.5 105.0 141.4 75.7 204.0 -174.5 501.5 226.0 -176.5 103.9 226.0 -197.4 492.5 325.1
ms kneeflapR 0 5 125.9 -98.9 204.0 114.8 -473.6 105.0 -192.0 -70.7 226.0 -259.9 -462.5 226.0 -280.8 -449.6 325.1
ms goggles 0 2 -190.0 318.4 -319.2 -190.0 318.4 319.2
ms goggles 1 2 385.2 439.7 -767.7 -385.2 439.7 -767.7
ms earL 0 2 179.2 357.0 -53.9 476.2 205.7 88.7
ms earL 1 4 173.3 511.2 21.4 465.8 -220.1 42.6 -40.5 227.9 -38.9 -3.0 863.8 2.0
ms earR 0 2 476.5 205.7 -86.9 179.0 357.0 54.6
ms earR 1 4 465.8 -220.1 -43.6 173.2 511.2 -21.8 -40.4 227.9 38.9 -3.0 863.8 -2.0
model explorer-lod0
ms collarL 0 3 559.3 -60.4 -243.0 136.1 590.8 736.7 -308.4 660.4 845.6
ms collarL 1 2 743.1 1502.3 -709.5 767.8 1326.4 -654.5
ms collarR 0 3 202.1 -544.9 756.6 534.9 41.5 -296.1 -230.8 -604.6 909.7
ms collarR 1 2 -743.1 1502.3 -709.5 -767.9 1326.4 -654.5
ms pouch 0 5 473.1 -34.2 -340.5 398.0 1318.7 567.0 -604.0 28.6 -876.3 -370.0 1334.4 -522.1 541.4 1468.1 -375.3
ms armstrapL 0 2 -45.0 169.4 535.7 204.0 98.3 488.2
ms armstrapR 0 2 46.7 169.4 535.7 -202.3 98.3 488.2
ms anklestrapL 0 2 193.3 433.0 81.6 -139.8 410.3 152.7
ms anklestrapR 0 2 -193.3 -433.0 -81.6 139.8 -410.3 -152.7
ms earL 0 2 -133.9 1343.6 -161.2 -739.8 1194.0 17.0
ms earL 1 3 -760.3 -115.7 -6.9 -592.3 890.7 -61.6 0.9 2448.3 5.3
ms earR 0 2 133.9 1347.4 -125.5 739.8 1193.1 48.6
ms earR 1 3 760.3 -115.7 -6.9 592.3 890.7 -61.6 -1.0 2448.4 5.3
model farmer-lod0
ms hat 0 5 1298.0 2640.9 -470.4 2245.0 2117.9 0.0 -2223.0 3285.0 -29.4 -2776.3 1724.8 0.0 82.5 4127.4 1999.3
ms hat 1 4 286.3 395.6 -1999.3 158.6 1119.4 1999.3 -2302.6 -330.0 -705.6 -2856.1 -1084.5 0.0
ms earL 0 4 -16.0 19.3 625.8 -476.7 -415.3 567.0 -474.1 -60.1 714.0 132.4 339.4 -1402.9
ms earR 0 4 -16.0 19.3 -623.7 -474.1 -60.1 -711.9 -476.7 -415.3 -564.9 132.4 339.4 1405.0
model geologist-lod0
ms braidL 0 4 277.7 979.3 -142.4 168.2 1033.1 325.5 -183.2 1113.0 -257.8 -287.2 1161.1 221.5
ms braidL 1 4 316.5 14.1 -187.4 236.7 -16.5 289.3 -157.3 13.6 -283.8 -248.1 -13.3 200.7
ms braidL 2 5 234.2 300.9 -215.2 262.1 263.4 184.8 -167.1 295.6 -182.9 -139.3 258.1 217.0 26.5 660.8 -12.4
ms braidR 0 4 180.6 1113.0 -259.6 289.4 1161.1 218.6 -279.1 979.3 -139.6 -165.0 1033.1 327.1
ms braidR 1 4 201.1 -13.3 -247.7 288.9 -16.5 237.2 -283.5 13.6 -157.8 -188.0 14.1 316.2
ms braidR 2 5 218.7 258.1 -136.6 181.6 263.4 264.3 -180.9 295.6 -169.3 -218.0 300.9 231.6 -12.8 660.8 26.3
ms braidM 0 5 47.7 1048.3 -499.6 47.7 1048.3 499.6 -368.3 935.4 -263.7 -368.3 935.4 249.8 377.3 1126.7 0.0
ms braidM 1 5 22.6 803.3 -582.9 22.6 803.3 582.9 -460.5 763.2 -291.4 -460.5 763.2 291.4 436.0 922.9 0.0
ms braidM 2 4 15.7 -19.1 -582.9 15.7 -19.1 582.9 -434.5 160.6 -291.4 -434.5 160.6 291.4
ms braidM 3 5 -102.2 853.9 -416.3 294.7 832.4 0.0 -497.5 777.3 -222.0 -497.5 777.3 222.0 13.1 1279.6 0.0
ms hatstrapL 0 3 192.6 692.8 -2.3 673.0 325.4 312.0 -447.6 475.1 -322.3
ms hatstrapL 1 4 185.2 516.4 56.2 641.3 -367.9 222.8 -418.4 115.9 -346.2 102.1 520.6 139.5
ms hatstrapR 0 3 448.8 475.0 -320.6 -192.6 692.8 -3.1 -674.3 325.4 309.4
ms hatstrapR 1 4 420.4 108.2 -346.2 -170.2 783.7 56.2 -647.9 -356.0 222.8 -86.6 772.5 125.6
ms hatstrapT 0 2 -68.3 386.7 -162.1 -243.7 484.4 169.2
ms hatstrapT 1 3 142.1 671.1 -248.3 -183.8 532.2 79.4 -290.0 166.1 41.3
ms armstrapL 0 1 -123.5 451.2 30.4
ms armstrapL 1 1 84.2 398.8 85.9
ms armstrapR 0 1 123.5 451.2 30.4
ms armstrapR 1 1 -84.2 398.8 85.9
ms legstrapL 0 1 493.0 -301.1 280.4
ms legstrapL 1 2 534.7 -117.2 352.8 298.7 -131.1 -35.7
ms legstrapL 2 2 437.5 -92.8 289.2 312.6 87.6 -43.8
ms legstrapL 3 3 487.9 -186.5 302.0 363.0 21.7 -31.0 474.0 -283.6 135.5
ms legstrapR 0 1 -493.0 -301.1 280.4
ms legstrapR 1 2 -534.7 -117.2 352.8 -298.7 -131.1 -35.7
ms legstrapR 2 2 -437.5 -92.8 289.2 -312.6 87.6 -43.8
ms legstrapR 3 3 -487.9 -186.5 302.0 -363.0 21.7 -31.0 -474.0 -283.6 135.5
ms rope 0 5 -218.6 1727.0 1401.7 245.3 1192.3 -1054.7 -320.8 1073.9 1554.3 -80.7 -186.3 -555.1 47.2 -183.0 513.5
ms earL 0 3 430.8 1450.5 -17.8 505.3 714.7 61.9 -66.8 1584.1 -27.5
ms earL 1 4 414.4 235.0 15.2 11.3 285.2 95.3 -74.2 914.6 20.1 1.2 1395.0 6.2
ms earR 0 3 66.9 1584.1 -27.3 -430.7 1450.5 -19.2 -505.4 714.7 60.4
ms earR 1 4 74.3 914.6 19.6 -414.3 235.0 17.9 -10.7 285.2 95.4 -1.1 1395.1 6.2
model gambler-lod0
ms hat 0 5 0.0 -495.3 -1326.7 913.9 5.9 1002.4 -1488.8 109.0 -324.3 -781.3 1391.5 1076.1 987.6 1362.0 -339.0
ms hat 1 4 1076.1 859.0 -1555.4 840.2 1699.2 714.7 -1990.0 873.7 -420.3 -1356.2 1345.5 832.6
ms hair 0 4 1149.8 -147.3 202.1 1518.3 -353.7 1469.9 -1149.8 -147.3 202.1 -1518.3 -353.7 1469.9
ms tieL 0 2 116.9 401.5 108.0 -143.8 357.4 19.1
ms tieL 1 2 190.1 346.4 151.4 -134.0 375.3 83.0
ms tieL 2 4 160.2 240.1 53.8 33.9 329.8 -53.0 -148.4 297.3 13.3 12.9 420.9 15.9
ms tieR 0 3 180.5 529.1 16.9 -170.3 206.7 96.5 -111.0 556.6 80.1
ms tieR 1 4 -2.5 588.5 5.3 156.3 77.1 50.3 -175.7 260.5 46.6 -111.2 -57.4 59.6
ms bowL 0 3 -13.9 551.1 101.9 -144.8 375.3 146.1 0.5 404.4 -30.8
ms bowR 0 3 144.8 -375.3 -146.1 13.9 -551.1 -101.9 1.0 -419.0 30.8
ms armstrapL 0 1 172.5 200.1 -445.2
ms armstrapR 0 1 -172.5 -200.1 445.2
ms legstrapL 0 3 231.0 588.7 25.5 258.1 147.8 202.4 -105.2 662.1 -18.7
ms legstrapR 0 5 188.9 -27.6 18.7 247.6 155.4 92.4 -231.0 -588.7 -25.5 -258.1 -147.8 -202.4 105.2 -662.1 18.7
ms earL 0 4 175.7 1161.1 -137.0 433.9 1143.7 43.9 -34.0 2115.9 -40.3 -129.2 1225.6 21.0
ms earL 1 4 204.1 1109.4 55.8 63.5 426.7 111.6 -79.3 462.5 18.1 -5.8 1647.2 -3.5
ms earR 0 4 34.0 2115.9 -40.3 129.2 1225.6 21.1 -175.6 1161.1 -137.2 -434.0 1143.7 43.5
ms earR 1 4 79.3 462.5 18.1 -204.1 1109.4 55.7 -63.6 426.7 111.6 5.8 1647.2 -3.5
model warrior-lod0
ms cape 0 2 2538.5 1768.5 275.2 -2480.2 1112.4 385.9
ms cape 1 2 3063.8 1368.0 84.6 -2947.0 609.4 73.7
ms cape 2 3 1663.2 -33.9 111.2 -3034.6 57.8 -179.3 -1663.2 -33.9 111.2
ms cape 3 3 3034.6 -3506.7 -755.6 -2188.4 -1705.7 -175.4 2246.8 74.0 -150.0
ms plume 0 3 1003.5 1372.2 0.0 -491.0 1057.5 -87.5 -259.5 709.8 0.0
ms plume 1 5 304.6 121.5 -846.2 346.9 945.7 1108.8 -583.5 931.4 -758.6 -231.6 541.5 787.8 1003.6 1263.2 233.4
ms plume 2 5 350.7 -141.7 -525.2 350.7 -141.7 1108.8 -952.6 550.0 -525.2 -343.1 -12.6 787.8 723.2 713.0 -87.5
ms mask 0 5 88.4 38.0 -1488.1 88.4 38.0 1488.1 -1380.9 3499.5 -787.8 -1846.0 4153.8 0.0 1434.5 3229.1 0.0
ms armguardL 0 4 -203.0 2785.8 1521.5 -559.1 2538.2 -1659.0 -2020.7 -548.1 2046.7 -2020.7 -548.1 -2125.9
ms armguardL 1 5 2020.8 548.1 2155.0 2020.8 548.1 -2046.7 203.0 -2785.8 1571.5 203.0 -2785.8 -1521.5 318.0 -2875.6 -1054.6
ms earL 0 2 389.2 1700.1 -19.1 832.0 -1179.2 1007.9
ms earL 1 3 17.4 3172.4 4.8 54.8 604.5 264.8 -111.2 661.2 141.5
ms earR 0 2 -389.1 1700.1 -20.7 -675.6 1630.7 226.8
ms earR 1 3 112.2 661.2 140.7 -17.3 3172.4 4.9 -52.9 604.5 265.2
model mayor-lod0
ms stacheL 0 4 35.7 979.0 -421.4 147.2 1052.5 13.3 -10.3 470.5 -292.1 -85.7 1255.7 363.2
ms stacheL 1 5 103.2 963.0 -159.9 470.0 781.2 624.6 -249.4 291.9 -177.8 -200.0 108.7 135.9 293.6 1305.3 259.7
ms stacheL 2 3 98.3 -822.4 -126.7 55.6 -194.9 -311.8 162.3 -207.7 -365.5
ms stacheR 0 4 10.3 470.5 -292.1 85.7 1255.7 363.2 -35.7 979.1 -421.4 -147.2 1052.5 13.3
ms stacheR 1 5 249.4 291.9 -177.8 200.0 108.7 135.9 -103.2 963.0 -159.9 -470.0 781.2 624.6 -293.6 1305.3 259.7
ms stacheR 2 3 -55.6 -194.9 -311.8 -98.3 -822.4 -126.7 -162.3 -207.7 -365.5
ms tophat 0 4 1588.0 1196.0 -861.3 1401.2 1556.3 393.1 -1588.0 1196.0 -861.3 -1401.2 1556.3 393.1
ms tophat 1 4 1588.0 -636.1 -250.5 1401.2 -275.8 1003.9 -1588.0 -636.1 -250.5 -1401.2 -275.8 1003.9
ms tieL 0 3 1012.8 110.5 -185.1 986.4 1004.4 -759.1 -147.9 831.2 -946.0
ms tieL 1 2 737.8 1005.4 244.3 -869.8 1071.7 -151.8
ms tieL 2 3 741.1 -103.8 225.5 -875.4 57.1 -101.0 6.4 1084.4 4.8
ms tieR 0 2 -1052.8 110.7 -185.2 -732.7 685.1 -437.6
ms tieR 1 3 629.4 1064.6 17.5 267.0 -358.5 41.5 -576.7 1137.3 350.6
ms tieR 2 3 622.3 84.6 -51.7 22.6 739.3 1.4 -604.6 48.9 202.3
ms belly 0 5 2628.9 466.7 -229.2 2735.6 119.7 -162.5 -2628.9 466.7 -229.2 -2735.6 119.7 -162.5 -0.0 -680.9 1011.8
ms earL 0 5 6.2 759.1 -113.4 151.6 739.3 25.9 -381.3 1589.9 -22.8 -408.5 757.4 22.8 -74.1 1595.5 -10.3
ms earL 1 3 107.0 290.8 -14.0 3.2 1595.4 12.4 -109.4 371.7 54.3
ms earR 0 5 381.3 1589.9 -22.8 408.5 757.4 22.8 -6.2 759.1 -113.4 -151.7 739.2 25.9 74.1 1595.5 -10.3
ms earR 1 3 -3.1 1593.4 -79.7 109.4 374.2 32.8 -107.0 289.5 -30.8
model sculptor-lod0
ms scarf 0 5 26.9 384.4 -564.9 438.3 454.1 452.3 -431.0 574.3 -240.0 -363.8 278.1 157.7 -335.6 730.8 184.3
ms scarf 1 5 436.7 290.5 -232.6 430.6 280.8 118.1 -895.0 554.3 -17.7 -398.8 -154.3 270.0 522.2 963.4 -6.2
ms apron 0 1 0.0 2081.0 -111.7
ms apron 1 1 0.0 1866.4 -71.7
ms earring 0 3 -61.6 -370.1 18.6 -4.8 -436.2 -0.3 99.1 -199.9 141.5
ms earL 0 3 185.1 943.5 -329.2 -37.8 982.8 -344.8 -320.9 889.7 74.8
ms earL 1 2 166.0 1358.6 -312.0 -36.9 1795.0 -491.6
ms earR 0 3 185.1 943.5 329.2 -320.9 889.7 -74.8 -37.8 982.8 344.8
ms earR 1 4 277.5 -181.8 -141.8 257.7 590.4 104.0 -358.7 -50.0 -141.8 -36.9 1795.0 491.6
model bird-lady-lod0 bird-lady-beach-lod0
ms chestR 0 4 726.7 110.4 348.1 -309.2 78.5 -911.0 -70.2 -192.4 -273.5 -149.9 126.3 -193.8
ms chestL 0 4 261.0 158.2 -911.0 133.5 -176.5 -257.6 -727.1 110.4 348.1 149.5 126.3 -193.8
ms plume 0 3 1080.8 1221.8 -816.8 252.0 871.2 27.9 -481.2 1221.8 -816.8
ms plume 1 4 771.7 92.2 477.6 -28.7 1223.9 -881.9 -547.4 -1288.7 308.9 757.5 1245.5 467.5
ms plume 2 3 786.5 -0.5 -427.7 388.1 1354.3 114.2 -775.4 -0.5 -427.7
ms pouch 0 4 -414.1 1159.0 125.6 -1.0 1366.4 -1.8 35.9 -361.6 -328.1 553.9 730.6 -44.9
ms earL 0 3 207.3 875.8 -108.2 194.5 884.4 58.2 -303.2 975.3 210.5
ms earR 0 3 194.4 883.1 -58.4 207.3 874.5 108.0 -287.9 971.9 -207.2
model evilsis-lod0 evilsis-citadel-lod0 evilsis-village3-lod0
ms ponytail 1 4 734.2 1189.8 -200.4 446.6 502.2 14.7 -734.2 1189.8 -200.4 -446.6 502.2 14.7
ms ponytail 2 5 734.2 152.2 -130.6 386.0 745.6 256.9 -734.2 152.2 -130.6 -386.0 745.6 256.9 0.0 1395.0 441.6
ms ponytail 3 5 333.0 109.1 -357.1 408.7 39.5 146.1 -0.0 135.0 -507.2 -0.0 -5.7 468.1 -0.0 1260.4 -340.5
ms ponytail 4 4 204.4 -11.6 -241.9 257.3 -2.5 66.2 -0.0 -11.3 -343.4 -0.0 3.5 265.9
ms ponytail 5 4 779.6 1424.6 -150.4 794.7 1376.4 17.0 -779.6 1424.6 -150.4 -794.7 1376.4 17.0
ms ponytail 6 4 1203.4 2402.2 -244.1 1226.1 1330.0 177.0 -1203.4 2402.2 -244.1 -1226.1 1330.0 177.0
ms ponytail 7 5 1203.4 35.9 -243.9 1226.1 -37.9 80.9 -1203.4 35.9 -244.0 -1226.1 -37.9 80.8 0.0 1469.0 1.2
ms backhairM 0 4 1014.2 -154.3 -13.1 582.8 -217.4 45.8 -1014.2 -154.3 -13.1 -582.8 -217.4 45.8
ms backhairM 1 4 522.2 -171.8 -624.3 847.7 40.1 151.9 -522.2 -171.8 -624.3 -847.7 40.1 151.9
ms backhairM 2 4 756.9 1323.1 -530.2 1294.3 750.3 199.6 -756.9 1323.1 -530.2 -1294.3 750.3 199.6
ms backhairM 3 4 817.4 1689.7 -501.9 1354.8 1600.6 561.6 -817.4 1689.7 -501.9 -1354.8 1600.6 561.6
ms backhairM 4 5 2149.5 1013.2 -268.9 1120.2 708.0 516.2 -2149.5 1013.2 -268.9 -1120.2 708.0 516.2 -0.0 2482.2 1.4
ms backhairL 0 1 -461.7 224.9 -282.0
ms backhairL 1 4 512.9 -315.2 63.3 -334.8 -943.4 -436.2 -970.6 -761.7 207.1 -160.8 -345.5 -421.1
ms backhairL 2 4 -283.3 -1396.5 579.6 261.7 -904.5 -154.6 -1047.7 -616.9 170.8 -1365.6 -1843.0 178.4
ms backhairL 3 3 -150.6 -1480.6 625.6 280.8 -1480.6 -668.6 -952.9 -1473.0 88.3
ms backhairL 4 3 880.5 -2447.9 265.7 570.2 -1547.2 -756.1 570.2 -2523.6 -453.3
ms backhairR 0 1 -282.0 224.9 -461.7
ms backhairR 1 4 -334.8 -943.4 436.2 512.9 -315.2 -63.3 -160.8 -345.5 421.1 -970.6 -761.7 -207.1
ms backhairR 2 4 261.7 -904.5 154.6 -283.3 -1396.4 -579.6 -1047.7 -616.9 -170.8 -1365.6 -1843.0 -178.4
ms backhairR 3 3 280.8 -1480.6 668.6 -150.6 -1480.6 -625.6 -952.9 -1473.0 -88.3
ms backhairR 4 3 570.2 -1547.2 756.1 880.5 -2447.9 -265.7 570.2 -2523.6 453.3
ms flapL 0 2 226.6 -548.7 79.0 -83.7 -624.4 -208.6
ms flapL 1 4 303.9 -213.4 207.7 258.5 -463.1 -19.4 -44.3 -697.8 -254.0 122.2 -864.3 -163.2
ms flapR 0 2 83.7 624.4 208.6 -113.1 268.7 -86.6
ms flapR 1 4 44.3 697.8 254.0 -303.9 213.4 -207.7 -258.5 463.1 19.4 -122.2 864.3 163.2
ms chestL 0 5 336.7 687.0 -219.5 603.7 61.8 270.4 -141.9 705.6 -270.1 -427.1 50.0 164.1 -15.2 486.3 399.3
ms chestR 0 5 140.6 705.6 -270.8 427.9 50.0 162.0 -337.7 687.0 -217.9 -602.4 61.8 273.3 17.2 486.3 399.2
ms earL 0 3 79.6 460.6 -24.3 33.9 527.3 169.4 -31.8 894.3 -464.6
ms earL 1 3 29.5 1275.3 5.1 111.4 11.5 25.8 -32.1 -163.5 -494.4
ms earR 0 3 29.9 894.3 -464.7 -79.7 460.6 -23.9 -33.2 527.3 169.6
ms earR 1 3 31.2 -163.5 -494.5 -29.5 1275.3 5.2 -111.3 11.5 26.0
model evilbro-lod0 evilbro-citadel-lod0 evilbro-village3-lod0
ms hair 1 5 897.3 1326.4 -417.6 1190.3 1589.3 4.7 -897.3 1326.4 -417.6 -1190.3 1589.3 4.7 -0.0 2084.9 701.5
ms hair 2 4 897.3 53.6 -490.4 1190.3 -2.8 3.9 -897.3 53.6 -490.4 -1190.3 -2.8 3.9
ms hair 3 5 695.9 -355.1 80.7 274.7 1693.4 306.0 -695.9 -355.1 80.7 -0.0 1755.5 482.1 -0.0 2333.0 -7.4
ms goatee 0 4 311.3 137.8 -40.8 347.9 39.0 19.6 -311.3 137.8 -40.8 -347.9 39.0 19.6
ms goatee 1 5 0.0 419.5 -28.4 0.0 -143.9 60.5 -36.6 353.1 7.7 -73.2 -113.0 33.6 0.0 171.9 111.3
ms capeB 0 3 1629.8 2217.9 -544.8 512.7 -111.4 52.2 -1483.3 1685.1 -522.9
ms capeB 1 4 2014.3 2823.7 -417.4 1501.6 3730.8 -188.4 -2838.4 3138.0 -775.0 -1611.5 3549.5 -59.0
ms capeF 0 4 2524.7 269.2 329.6 2476.5 120.3 -604.3 127.5 -224.7 457.8 20.2 -284.6 -347.9
ms capeF 1 4 787.4 -270.8 214.9 329.6 1835.1 -352.8 -787.4 -325.8 398.0 -604.3 1890.0 -206.3
ms capeL 0 4 589.1 -655.5 -1062.1 993.4 1844.5 1300.2 -143.5 2652.1 -1135.4 -98.6 -105.6 329.6
ms capeL 1 4 1308.9 659.4 -2801.8 1231.7 2313.5 1117.0 -182.4 135.9 -1135.4 -43.6 2167.8 -128.2
ms capeR 0 3 86.8 1674.4 -402.9 -339.7 -1019.1 -915.6 -785.5 -527.2 1336.8
ms capeR 1 4 276.9 1237.8 -1648.1 -958.6 776.1 -2783.5 -747.1 1119.5 1263.5 -417.2 1851.8 1080.4
ms ballL 0 5 65.8 -13.0 -240.1 175.7 -13.0 181.1 -245.5 1598.5 -276.7 -245.5 -13.0 71.2 84.2 5956.8 -185.2
ms ballL 1 2 84.2 0.2 -185.2 157.4 0.2 126.1
ms ballL 2 5 578.6 1057.9 -606.4 212.3 1057.9 822.0 -831.5 1057.9 -203.5 -611.7 1057.9 620.6 -25.7 1881.9 -2.1
ms ballF 0 4 164.8 -41.2 -211.7 311.3 3950.9 685.6 -164.8 4903.1 -28.5 -219.7 -41.2 8.1
ms ballF 1 3 109.9 -4.9 -175.0 109.9 -4.9 136.3 -164.8 -4.9 -28.5
ms ballF 2 5 750.8 1076.3 -449.7 750.8 1076.3 411.0 -714.2 1076.3 -431.4 -714.2 1076.3 411.0 18.3 1900.4 -10.2
ms ballR 0 5 178.0 1598.5 -258.4 232.9 -13.0 71.2 -78.4 -13.0 -240.1 -188.3 -13.0 181.1 -96.7 6506.1 -185.2
ms ballR 1 3 123.1 13.9 34.6 -96.7 13.9 -185.2 -169.9 13.9 126.1
ms ballR 2 5 196.3 1067.2 -844.4 544.2 1067.2 583.9 -627.7 1067.2 -643.0 -865.8 1067.2 181.1 -41.8 1872.9 -38.7
ms sleeveL 0 2 254.9 3368.0 -210.1 -495.7 3447.6 -18.0
ms earL 0 4 128.8 81.1 214.3 -23.8 180.4 -367.7 -57.0 219.7 274.5 -37.9 1217.4 159.8
ms earL 1 3 23.1 104.6 -124.3 -0.5 1688.4 -4.5 -35.9 25.1 192.7
ms earR 0 4 23.8 -180.4 367.7 57.0 -219.7 -274.5 -128.8 -81.1 -214.3 37.9 -1217.4 -159.8
ms earR 1 2 0.5 -778.7 1498.1 35.9 -182.4 -67.1
model fisher-lod0
ms bandana 0 3 239.4 -179.9 -41.4 -813.9 165.2 -865.9 -311.2 699.2 -1035.8
ms bandana 1 4 718.2 -481.8 -1679.4 311.2 476.4 -472.3 -718.2 -520.8 -1202.2 -311.2 437.4 4.9
ms sash 0 4 284.0 748.6 -571.9 201.3 835.2 242.0 -517.5 797.6 529.2 367.7 855.0 -141.1
ms sash 1 4 282.6 963.7 -739.5 273.0 1538.1 218.0 -467.3 1430.0 840.4 342.9 1659.0 -188.9
ms necklace 0 2 95.8 -52.0 -86.2 -239.4 -52.0 -86.2
ms belly 0 5 3638.7 -1532.5 1599.6 3231.7 -196.7 2682.8 -3638.7 -1532.5 1599.6 -3112.0 345.4 1274.7 -0.0 349.2 -828.3
ms earL 0 4 29.6 634.4 -288.9 119.7 653.8 1.5 -114.5 614.4 -284.2 -767.0 1108.9 92.3
ms earL 1 3 -196.2 -181.4 -233.2 -865.2 -386.4 76.8 -5.5 1890.4 4.8
ms earR 0 4 114.5 -614.4 284.2 767.0 -1108.9 -92.3 -29.6 -634.4 288.9 -119.8 -653.8 -1.5
ms earR 1 3 196.1 181.4 233.2 865.1 386.4 -76.8 5.5 -1890.4 -4.8
model minershort-lod0
ms stacheL 0 3 93.9 522.0 -477.0 421.4 526.7 141.3 -189.9 497.7 -237.7
ms stacheL 1 5 416.8 910.4 -200.7 417.2 945.6 378.5 -518.5 890.9 -198.9 -75.8 979.2 702.3 -338.6 1787.8 95.2
ms stacheL 2 5 139.0 543.7 -291.2 139.7 605.2 27.9 -389.2 700.3 -320.1 -388.5 761.7 -1.1 -10.8 1421.8 -10.9
ms stacheR 0 3 183.9 497.7 -242.4 -105.9 522.0 -474.5 -417.7 526.7 151.9
ms stacheR 1 5 518.5 890.9 -199.2 76.2 979.2 702.2 -416.9 910.4 -200.5 -417.0 945.6 378.7 338.6 1787.8 95.1
ms stacheR 2 5 388.9 700.3 -320.6 388.5 761.7 -1.5 -139.3 543.7 -291.1 -139.7 605.2 28.0 10.8 1421.8 -10.9
ms belly 0 4 2854.7 -486.7 2960.2 2413.8 93.6 1335.5 -2854.7 -486.7 2960.2 -2413.8 93.6 1335.5
ms earL 0 2 17.9 1792.6 -524.1 -124.3 633.6 -270.1
ms earL 1 4 13.7 406.0 -485.7 22.4 477.7 92.4 -9.6 1444.6 -543.4 6.0 2338.2 -0.4
ms earR 0 2 125.8 633.6 -269.4 -15.0 1792.6 -524.2
ms earR 1 4 3.2 1444.6 -543.5 -19.5 406.0 -485.5 -21.3 477.7 92.6 -6.0 2338.2 -0.4
model minertall-lod0
ms legstrapL 0 4 14.6 345.3 -284.4 125.9 250.9 262.8 -127.0 668.9 -322.4 -27.9 663.9 299.6
ms legstrapL 1 3 165.2 164.4 272.0 -91.8 575.3 -188.4 -9.0 513.7 158.5
ms legstrapR 0 4 128.0 668.9 -322.1 27.0 663.9 299.7 -13.7 345.3 -284.4 -126.8 250.9 262.4
ms legstrapR 1 3 92.0 575.3 -188.2 8.8 513.7 158.5 -165.6 164.4 271.8
ms footstrapL 0 3 296.7 317.6 -93.6 276.8 725.8 44.2 -347.1 682.8 106.0
ms footstrapL 1 2 135.2 516.3 -16.6 -226.8 575.1 14.1
ms footstrapR 0 3 346.8 682.8 106.9 -296.5 317.6 -94.4 -276.9 725.8 43.4
ms footstrapR 1 2 226.7 575.1 15.3 -135.1 516.3 -17.3
ms earL 0 4 6.6 1046.1 -436.9 -146.8 1095.9 -206.8 -1.6 1135.6 149.0 10.0 1811.8 -405.1
ms earL 1 4 13.3 322.2 -385.2 25.8 421.2 90.9 -57.7 365.3 -188.6 1.0 1459.7 4.3
ms earR 0 4 147.2 1095.9 -206.5 1.4 1135.6 149.0 -5.9 1046.1 -436.9 -9.3 1811.8 -405.1
ms earR 1 4 57.2 365.3 -188.8 -14.2 322.2 -385.1 -25.6 421.2 91.0 -1.0 1459.7 4.3
model redsage-lod0
ms stacheL 0 1 86.9 788.3 384.1
ms stacheL 1 4 11.5 1710.1 3.1 106.8 992.1 390.5 52.1 -229.2 -591.8 -311.4 -182.2 146.2
ms stacheR 0 4 268.3 1133.2 -382.0 577.8 1060.4 0.6 -470.0 1194.1 -71.0 -133.2 1269.1 361.0
ms stacheR 1 4 107.5 992.1 -390.3 11.5 1710.1 -3.1 -311.1 -182.2 -146.8 50.9 -229.2 591.9
ms goatee 0 4 423.6 392.0 0.0 478.2 -33.7 606.3 478.2 -33.7 -606.3 572.6 273.9 0.0
ms goatee 1 4 129.3 -0.1 606.3 129.3 -0.1 -606.3 140.2 -321.7 -0.0 736.0 14.0 -0.0
ms armflapL 0 1 849.9 -333.2 -120.1
ms armflapL 1 1 845.8 -188.8 545.0
ms armflapR 0 1 -849.9 333.2 120.1
ms armflapR 1 1 -845.8 188.7 -545.0
ms legflapL 0 2 624.1 230.4 -32.8 893.2 -30.2 863.4
ms legflapL 1 3 554.9 -315.9 -15.1 818.6 -73.0 828.4 726.6 261.3 433.0
ms legflapR 0 2 -624.1 -230.4 32.8 -893.2 30.2 -863.4
ms legflapR 1 3 -554.9 316.0 15.1 -818.6 73.0 -828.4 -726.6 -261.3 -433.0
ms earL 0 5 327.2 1750.5 -0.0 340.8 951.8 98.0 -55.7 1852.2 -11.1 -117.5 992.5 252.4 -191.9 1860.1 1.0
ms earL 1 4 5.1 2254.0 -3.8 312.2 296.2 38.5 -211.6 380.1 34.2 -55.9 348.0 165.1
ms earR 0 5 55.7 1852.2 -11.1 117.5 992.5 252.4 -327.2 1750.5 -0.0 -340.8 951.8 98.0 191.9 1860.1 1.0
ms earR 1 4 211.6 379.2 -42.8 55.9 374.1 91.9 -5.1 2207.4 -455.8 -312.2 297.9 -21.7
model bluesage-lod0
ms stacheL 0 3 208.0 1167.4 4.2 -165.5 1102.7 -178.5 -134.1 1121.1 193.2
ms stacheL 1 2 -356.7 2730.1 673.0 -158.4 1709.2 626.8
ms stacheR 0 3 165.9 1102.7 -178.1 133.6 1121.1 193.6 -208.1 1167.4 3.6
ms stacheR 1 2 358.1 2730.1 672.3 159.8 1709.2 626.4
ms eyechain 0 1 -144.9 436.8 218.8
ms eyechain 1 2 7.8 -103.0 -3.1 -85.3 -40.9 27.9
ms earchain 0 1 -36.8 -611.4 36.1
ms earchain 1 4 224.9 300.3 586.3 -85.3 -40.9 27.9 -147.3 238.3 -530.5 318.0 269.3 555.3
ms legstrapTL 0 2 137.4 260.6 472.0 -139.7 295.2 472.0
ms legstrapTL 1 2 182.6 527.7 -150.5 -171.1 522.4 -150.5
ms legstrapBL 0 1 -220.2 317.9 565.1
ms legstrapBL 1 2 156.5 395.8 -152.5 -303.1 474.8 -152.5
ms legstrapTR 0 2 139.7 -295.2 -472.0 -137.4 -260.6 -472.0
ms legstrapTR 1 2 171.1 -522.4 150.5 -182.6 -527.7 150.5
ms legstrapBR 0 1 220.2 -317.9 -565.1
ms legstrapBR 1 2 303.1 -474.8 152.5 -156.5 -395.8 152.5
ms earL 0 2 53.3 1272.7 192.3 -58.6 1200.2 -420.0
ms earL 1 4 149.3 427.1 -7.2 76.2 433.8 125.8 -1.5 384.5 -362.9 -12.2 1790.2 8.8
ms earR 0 3 59.5 1200.2 -419.9 -9.7 755.0 -411.4 -42.4 432.7 218.2
ms earR 1 4 2.8 384.5 -362.9 -149.3 427.1 -7.7 -76.6 433.8 125.6 12.2 1790.2 8.9
model yellowsage-lod0
ms beard 0 4 1252.9 293.4 -547.1 1461.7 245.7 19.0 -1252.9 293.4 -547.1 -1461.7 245.7 19.0
ms beard 1 5 856.1 768.3 -44.5 522.0 708.6 443.3 -856.1 768.3 -44.5 -0.0 731.4 694.6 -0.0 1619.8 -12.6
ms coatflapL 0 2 -19.3 1569.5 -685.4 356.3 2151.3 563.3
ms coatflapR 0 2 18.5 1569.4 -685.5 -355.6 2151.3 563.7
ms armflapL 0 2 -399.4 741.7 -312.2 -0.6 1080.0 -6.9
ms armflapR 0 2 398.9 741.7 -312.8 0.5 1080.0 -6.9
ms legflapL 0 2 1.7 934.9 -10.0 247.5 567.4 -250.6
ms legflapR 0 2 -1.7 934.9 -10.0 -249.3 567.4 -248.9
ms earL 0 4 282.2 1733.0 -17.2 -329.4 738.8 -29.8 -154.6 738.8 139.8 -265.1 1871.7 -8.7
ms earL 1 4 278.1 146.1 4.8 -273.2 267.7 7.5 -131.3 234.7 112.6 5.1 1830.9 6.9
ms earR 0 4 329.6 738.8 -27.2 153.5 738.8 141.0 -282.0 1733.0 -19.4 265.1 1871.7 -6.7
ms earR 1 4 273.2 267.7 9.1 130.7 234.7 113.3 -278.1 146.1 3.2 -5.1 1830.9 6.8
model eichar-lod0 jak-white-lod0
ms hair 0 5 953.4 1184.8 -685.9 16.4 495.9 951.4 -1133.2 1093.9 -319.1 -559.0 474.9 873.8 72.4 1596.1 103.7
ms hair 1 4 896.8 568.4 -557.8 -42.3 607.5 270.1 -1142.3 36.9 -320.5 27.0 1111.3 -64.4
ms earL 0 2 -143.3 651.0 -338.5 -176.3 1050.8 -60.7
ms earL 1 5 17.1 676.7 -32.7 114.2 -73.6 39.3 -63.8 -15.5 -182.9 -33.3 -58.8 108.0 32.0 1071.7 3.4
ms earR 0 2 143.3 -651.0 338.5 176.3 -1050.8 60.7
ms earR 1 5 63.8 15.5 182.9 33.3 58.8 -107.9 -17.1 -676.7 32.8 -114.2 73.6 -39.3 -31.9 -1071.7 -3.3
ms collarL 0 2 -585.7 669.2 12.4 -366.2 136.1 -36.4
ms collarR 0 2 563.7 669.2 159.5 363.6 136.1 57.0
ms packstrap 1 3 218.3 348.3 8.6 -226.6 372.8 42.2 -2.6 461.1 -92.0
ms shirtL 0 4 274.8 135.6 361.6 -406.2 1098.7 -568.0 -445.8 1062.0 704.2 627.1 1022.5 76.5
ms shirtR 0 4 465.6 -1094.1 588.0 445.8 -1062.0 -704.2 -284.7 -136.4 -361.6 -627.1 -1022.8 -66.6
ms pantsL 0 4 392.7 2001.0 -325.6 92.2 1758.6 682.6 -343.3 261.5 -410.9 -600.8 1822.0 137.2
ms pantsL 1 4 370.8 143.8 -370.0 358.6 212.3 392.7 -124.6 99.6 -600.8 -673.5 112.6 92.2
ms pantsR 0 4 343.3 -261.5 410.9 600.8 -1821.8 -147.2 -382.8 -2000.1 325.6 -102.1 -1759.4 -682.7
ms pantsR 1 4 102.1 -113.5 673.4 382.8 -211.5 -358.5 -600.8 -100.7 134.5 -370.0 -144.9 -360.9
ms handstrapTL 1 2 51.3 529.0 103.3 -69.2 673.2 -68.6
ms handstrapBL 1 1 -72.9 711.6 -114.4
ms handstrapTR 1 2 69.2 -673.2 68.5 -51.3 -529.0 -103.4
ms handstrapBR 1 1 -186.0 632.6 343.2
ms anklestrapL 0 2 13.0 284.6 -171.5 40.7 337.5 187.2
ms anklestrapR 0 2 -13.1 284.6 -171.5 -40.2 346.8 183.7
ms footstrapL 0 2 135.1 482.9 -62.5 -27.0 489.2 14.4
ms footstrapR 0 2 165.1 -455.8 61.7 -196.9 -445.5 16.8
ms belt 0 3 12.8 388.8 221.5 -45.1 371.9 226.2 4.6 393.8 -219.2
model sidekick-lod0
ms tail 0 5 455.1 -578.8 0.0 201.0 -563.3 -269.5 -332.3 -455.7 0.0 -135.1 -542.7 -276.9 25.4 -1227.5 -276.9
ms tail 1 2 391.5 -266.8 0.0 25.4 -244.4 -276.9
ms tail 2 4 338.0 209.6 0.0 -41.7 -359.6 209.6 -41.7 -359.6 -209.6 -74.9 -1392.4 0.0
ms earL 0 4 171.1 570.2 126.0 -145.3 -128.4 -260.5 -187.2 533.8 19.8 -69.3 791.6 129.8
ms earL 1 5 212.0 5.0 -13.9 179.6 242.3 31.6 -18.8 -18.9 -148.6 -133.0 209.1 158.9 90.7 443.6 54.7
ms earR 0 4 171.1 570.2 -126.0 80.7 275.2 127.3 -187.2 533.8 -19.8 -69.3 791.6 -129.8
ms earR 1 5 71.7 226.3 -128.5 198.6 5.0 75.6 -80.5 209.1 -191.0 -61.6 -18.9 136.6 102.7 443.6 -25.6
ms flapL 0 2 87.2 236.7 -59.2 -88.0 184.0 -0.4
ms flapL 1 4 37.0 189.7 -60.4 61.3 189.9 92.0 -23.8 354.2 -60.9 7.1 354.5 95.2
ms flapR 0 2 87.2 236.7 59.2 -88.0 184.0 0.4
ms flapR 1 4 61.3 189.9 -91.9 37.0 189.7 60.4 -23.8 354.2 60.9 7.1 354.5 -95.2
model billy-lod0
ms goatee 0 3 -69.1 597.1 -462.8 -69.1 597.1 462.8 10.8 841.8 -0.0
ms hair 0 5 925.6 2487.9 -1427.8 1472.5 666.4 63.6 -490.8 2445.4 -1682.1 -42.1 571.3 1477.1 -126.2 2695.0 -1331.8
ms hair 1 5 462.8 1606.4 -770.3 1374.3 -389.7 -168.6 -1458.5 -124.7 -605.0 -1262.1 -892.8 -398.4 -126.2 1834.1 66.1
ms tail 0 4 176.3 1126.0 -23.4 191.2 1250.2 2.5 -149.7 1154.6 -94.1 -40.0 1037.6 206.4
ms tail 1 4 107.8 808.9 -255.3 345.9 773.6 9.4 -242.7 775.0 -119.1 -21.0 35.0 231.5
ms tail 2 5 139.6 -701.7 184.6 439.5 -33.9 99.5 -419.2 17.6 -72.4 -424.0 642.7 -168.8 2.5 1509.3 0.3
ms strap 0 3 222.2 2.1 -51.9 -171.6 345.1 -66.5 -346.2 1085.2 206.2
ms strap 1 3 111.2 1052.8 -438.6 45.3 -15.6 356.6 1.6 1038.0 -382.8
ms strap 2 3 241.1 1253.4 153.7 -528.8 -238.0 -333.3 351.7 1101.5 366.2
ms flapA 0 3 651.4 605.2 367.0 -686.4 616.1 -143.6 -11.9 627.6 -152.1
ms flapB 0 3 691.4 171.6 227.8 -698.6 -18.1 -59.2 -6.5 1090.6 7.3
ms earL 0 4 -895.2 464.6 197.5 -1498.2 646.9 435.9 -993.4 -40.3 211.5 -1540.3 226.2 449.9
ms earL 1 5 65.3 -353.3 23.0 79.4 319.3 -10.5 -447.4 -385.0 52.1 -337.2 258.7 31.3 16.0 1255.0 -5.8
ms earR 0 4 -1498.2 646.9 -435.9 -895.2 464.6 -197.5 -1540.3 226.2 -449.9 -993.4 -40.2 -211.5
ms earR 1 5 447.4 -385.0 52.1 337.2 258.7 31.3 -65.3 -353.3 23.0 -79.4 319.3 -10.5 -16.0 1255.1 -5.8
model robber-lod0
ms hair 0 5 758.9 2147.0 -707.3 915.4 2026.2 943.1 -1125.5 2185.5 -58.9 -1125.5 2185.5 353.7 74.2 2791.5 -353.7
ms flapA 0 3 1414.6 1385.5 -223.7 -1414.6 1385.5 -223.7 -1444.1 1255.2 207.9
ms flapB 0 5 1768.3 1361.8 -208.3 1768.3 1346.5 293.3 -1768.3 1361.8 -208.3 -1768.3 1346.5 293.3 0.0 1360.1 -267.2
ms belly 0 5 1002.5 1362.6 -3949.1 1002.5 1362.6 3949.1 -451.0 2011.5 -4391.2 -451.0 2011.5 4391.2 13.7 5016.0 -0.0
ms furL 0 3 2024.9 1924.7 -602.3 -1364.3 982.0 -1889.0 1848.0 2562.9 -145.8
ms furR 0 3 1364.3 982.0 -1889.0 -2024.9 1924.7 -602.3 -1848.0 2562.9 -145.8
ms furSL 0 3 -308.0 2408.4 -646.4 -293.6 1671.2 915.5 -158.9 2493.8 -27.6
ms furSR 0 3 308.0 -2408.4 646.4 293.6 -1671.2 -915.5 158.8 -2493.8 27.5
ms furAL 0 3 897.4 4864.7 2151.4 -1656.9 4289.2 3035.5 -186.7 4491.9 -943.1
ms furAR 0 3 1656.9 -4289.2 -3035.5 -897.4 -4864.7 -2151.4 186.7 -4491.9 943.1
model yakow-lod0
ms tail 0 4 718.8 1590.0 -432.1 479.2 1110.8 478.4 -718.8 1590.0 -432.1 -0.0 727.4 909.6
ms tail 1 4 718.8 -864.5 -669.1 239.6 -1082.4 104.0 -718.8 -864.5 -669.1 -0.0 -1170.1 394.1
ms tail 2 5 862.6 1485.0 -708.2 958.4 1513.3 297.7 -0.0 1472.9 -1139.3 -958.4 1513.3 297.7 -0.0 3897.6 -152.9
ms earL 0 3 23.5 2116.6 334.9 -182.2 2385.9 143.2 -163.8 2451.1 862.0
ms earL 1 5 15.1 468.3 -256.3 48.6 1623.5 293.0 -740.8 2362.3 -1003.5 -408.0 1783.0 762.9 -779.3 2733.7 -883.5
ms earR 0 5 740.8 -1610.0 1998.8 408.0 -1932.1 168.0 -15.1 -292.1 446.8 -48.6 -1569.8 507.1 779.3 -1994.1 2068.2
model sculptor-muse-lod0 muse-lod0
ms tail 0 3 171.0 524.7 -0.0 -63.3 582.6 -149.8 -176.1 535.2 0.0
ms tail 1 5 504.0 928.3 -0.0 312.0 901.0 323.2 -153.9 1546.8 -394.1 -153.9 1546.8 394.1 388.1 1691.6 -0.0
ms tail 2 5 210.1 755.9 -402.0 456.9 713.0 0.0 -149.3 51.3 -394.1 -149.3 51.3 394.1 370.3 1497.9 0.0
ms tail 3 5 259.9 542.7 -339.0 545.2 515.3 0.0 -234.4 95.9 -307.4 -234.4 95.9 307.4 355.8 1220.4 0.0
ms tail 4 4 130.9 -36.6 -299.5 397.4 491.2 0.0 -203.5 88.1 -260.1 -342.8 151.4 0.0
ms tail 5 4 94.3 336.4 -205.0 271.1 377.5 0.0 -360.6 -332.4 -212.8 -479.8 -269.1 0.0
ms tail 6 4 7.9 -17.2 -212.8 248.8 294.8 0.0 -131.2 42.5 -173.4 -131.2 42.5 173.4
ms tail 7 4 140.5 214.0 -189.2 298.9 206.8 0.0 -3.6 -5.3 -181.3 -3.6 -5.3 181.3
ms tail 8 3 129.3 -123.8 -149.8 252.5 -51.8 0.0 -159.7 118.7 0.0
ms earL 0 4 42.2 -41.6 -312.9 224.0 230.9 186.5 -851.0 487.6 -198.8 -541.6 -23.2 177.7
ms earL 1 1 9.3 117.9 -2.6
ms earR 0 4 -159.7 392.1 211.2 146.4 116.7 323.1 -922.4 382.7 -73.4 -130.0 -294.9 -10.1
ms earR 1 1 -44.6 38.6 92.2
model billy-sidekick-lod0
ms tail 0 5 876.4 966.0 -956.5 486.9 30.2 2149.1 -876.4 966.0 -956.5 -259.7 -409.3 2190.3 -129.8 2279.9 1218.8
ms tail 1 5 876.4 -250.4 -1046.4 259.7 -869.2 1484.3 -876.4 -250.4 -1046.4 -129.8 -639.3 1528.0 0.0 2000.1 -929.9
ms tail 2 3 227.2 689.3 -594.1 -0.0 662.1 -754.1 -0.0 494.6 196.4
ms tail 3 2 97.4 -226.9 97.7 -0.0 -259.4 65.2
ms hat 0 5 1947.6 148.6 -3377.6 2824.0 -1469.5 753.4 -1947.6 148.6 -3377.6 -2824.0 -1469.5 753.4 -1687.9 3284.8 -1012.5
ms weed 0 2 -122.0 5475.1 -1317.0 48.6 5157.5 1057.4
ms furL 0 3 968.3 1012.4 -1458.1 -429.8 1037.4 1495.7 979.2 1958.7 -1165.9
ms furR 0 3 429.8 1037.4 1495.7 -979.2 1958.7 -1165.9 -968.3 1012.4 -1458.1
ms earL 0 3 1089.9 1606.8 -233.6 128.0 1331.0 356.6 -801.3 1504.6 -477.1
ms earL 1 4 1087.1 15.4 -258.7 3.8 2390.9 22.6 -796.7 -257.4 -411.4 -723.7 1503.3 -283.2
ms earR 0 3 802.5 1504.6 -475.1 -1089.3 1606.8 -236.3 -128.9 1331.0 356.3
ms earR 1 4 796.8 -257.4 -411.3 723.8 1503.3 -283.1 -1087.1 15.4 -258.8 -3.8 2390.9 22.6
model babak-lod0 yeti-lod0
ms furHead 0 3 -35.0 3855.5 0.0 451.9 3365.8 -524.4 1977.0 1581.3 0.0
ms furBack 0 5 777.7 4850.2 2125.1 777.7 4850.2 -2125.1 694.8 -1444.3 0.0 697.5 -790.0 -386.4 2095.1 -1217.2 0.0
ms furArmL 0 5 1358.8 3085.9 -1743.1 1688.6 3149.0 437.3 -534.5 2599.1 -2543.4 -1893.7 1710.9 768.5 1275.4 4271.0 -694.3
ms furArmR 0 5 1688.6 3149.0 -437.3 1358.8 3085.9 1743.1 -1893.7 1710.9 -768.5 -534.5 2599.1 2543.4 1275.3 4271.0 694.3
ms furLegL 0 4 895.3 777.6 -234.2 1059.9 1202.0 566.2 -1361.6 4065.7 -455.0 -1211.1 3935.5 1311.4
ms furLegR 0 4 1059.9 1202.0 -566.2 895.3 777.6 234.2 -1211.1 3935.5 -1311.4 -1361.6 4065.7 455.0
ms ring 0 5 195.6 137.2 -731.2 356.5 523.5 694.9 -173.8 1047.4 -1522.6 -238.4 1985.2 373.5 -24.1 2399.7 -178.5
model pelican-lod0
ms tail 0 5 417.0 -680.9 -521.9 456.8 1585.9 -681.9 0.0 -1000.9 -628.5 -456.8 1585.9 -681.9 655.3 1399.2 -1108.6
ms tail 1 4 536.2 870.1 -423.5 456.8 923.5 403.2 -536.2 870.1 -423.5 -456.8 923.5 403.2
ms tail 2 2 0.0 176.9 -299.3 0.0 -383.2 207.4
ms hair 0 5 59.6 -1329.5 -746.5 178.7 590.6 960.3 -0.0 -1969.5 -986.5 -0.0 910.6 826.9 -0.0 3.9 -1013.1
ms neckfur 0 4 754.6 570.6 -1273.6 456.8 -2016.2 -153.5 0.0 437.2 -1753.6 0.0 -2202.9 33.1
model ogreboss-lod0 ogreboss-village2-lod0
ms beardA 0 4 3690.7 3222.2 1001.3 0.0 1697.0 -1297.3 -3690.7 3222.2 1001.3 0.0 4137.7 -497.4
ms beardB 0 4 1079.2 1660.4 359.2 0.0 -150.4 -553.4 -1079.2 1660.4 359.2 0.0 1702.5 -518.7
ms beardC 0 4 2530.0 2002.3 462.5 -291.2 2111.0 -2018.9 -2960.0 1686.0 617.5 317.0 6264.7 479.7
ms beardD 0 2 -122.7 2111.4 -17.6 -1028.4 -99.2 542.5
ms chestDanglerL 0 2 1387.4 -2860.2 -26.7 -2389.7 -2860.2 -8.5
ms chestDanglerL 1 2 1387.4 -3322.7 -26.7 -2389.7 -3322.7 -8.5
ms chestDanglerL 2 1 25.3 -3784.6 0.1
ms chestDanglerR 0 2 2389.7 -2276.0 -8.5 -1387.4 -2276.0 -26.7
ms chestDanglerR 1 2 2389.7 -1892.6 -8.5 -1387.4 -1892.6 -26.7
ms chestDanglerR 2 1 -25.2 -5832.6 -2.1
ms chestDangleL 0 2 1876.9 -2494.2 9.1 -554.6 -5707.1 -29.0
ms chestDangleR 0 2 632.1 -4772.4 -0.7 -1354.8 -2435.8 23.4
ms backDangler 0 2 2238.2 -5670.3 472.7 -2181.5 -5670.3 528.6
ms backDangler 1 2 2238.2 -3557.7 472.7 -2181.5 -3557.7 528.6
ms armDangler 0 2 926.6 -3069.7 -307.3 -884.3 -3069.7 276.9
ms armDangler 1 2 1180.4 -1170.0 -27.5 -1214.7 -2572.0 -27.5
ms hairFrontL 0 4 4385.8 2337.3 1321.0 -431.7 1654.6 -958.0 -988.3 1596.8 471.0 3542.8 2800.9 853.9
ms hairFrontL 1 4 -523.6 3058.0 -538.1 1716.0 2592.5 1320.4 -518.9 738.3 -910.5 -1453.5 905.8 746.8
ms hairFrontR 0 4 431.7 1654.6 -958.0 988.3 1596.8 471.0 -4385.8 2337.3 1321.0 -3542.8 2800.9 853.9
ms hairFrontR 1 4 508.0 762.9 -889.6 1370.8 886.2 693.1 436.6 2989.9 -537.6 -1701.0 2551.7 1302.1
ms belly 0 5 4381.2 1673.5 -2285.6 4498.0 1556.7 5483.7 -4381.2 1673.5 -2285.6 -4498.0 1556.7 5483.7 0.0 1673.5 -2577.7
ms shackle 0 5 615.1 -180.2 -2794.5 626.3 -182.4 2755.0 -847.5 5486.5 -3840.8 -831.9 5483.5 3870.1 906.4 6187.3 -3143.1
ms fur 0 2 2034.6 10645.3 466.2 2127.7 5037.8 2626.8
model lightning-mole-lod0
ms earL 0 3 106.3 1699.6 -1132.6 258.6 489.7 241.8 -1.3 1971.8 243.4
ms earL 1 3 96.0 116.0 -1168.1 -39.6 1158.0 -879.4 9.7 2380.3 21.9
ms earR 0 3 2.5 1971.8 243.4 -111.9 1699.6 -1132.0 -257.4 489.8 243.0
ms earR 1 3 39.7 1158.0 -879.5 -95.9 116.0 -1168.1 -9.7 2380.3 21.9
model sidekick-human-lod0
ms earL 0 2 16.8 529.6 -502.4 -146.7 595.6 -217.3
ms earL 1 2 72.5 362.9 -245.9 2.4 1558.4 2.6
ms earR 0 2 146.7 562.7 292.2 -16.8 728.3 50.7
ms earR 1 2 -2.4 -264.9 -1535.7 -72.5 -304.6 -315.3
model lurkerpuppy-lod0
ms earL 0 3 -282.0 1192.2 -417.5 -512.3 1336.0 289.0 41.0 2163.0 -237.9
ms earR 0 3 282.0 -1192.2 417.5 512.3 -1336.0 -289.0 -41.0 -2163.0 237.9
model swamp-rat-lod0
ms ears 0 2 2136.2 323.2 -852.4 -2136.2 323.2 -852.4
