MESHIDX 1 intro 385
0 1 9 29 1 10000 51 -21.265 -3.462 776.638 -28.516 -13.085 771.918 -14.900 4.475 783.305 mis-rockwall
1 1 9 255 1 10000 278 -6.445 9.476 822.404 -8.614 -0.538 819.399 -2.724 15.774 826.206 mis-rockwall
2 1 9 256 1 10000 278 20.265 9.476 831.716 16.722 -0.538 828.161 22.305 15.774 834.540 mis-rockwall
3 1 9 257 1 10000 278 5.594 9.476 812.977 3.410 -0.538 810.925 9.023 15.774 816.267 mis-rockwall
4 1 9 258 1 10000 278 19.062 9.476 817.343 15.349 -0.538 815.076 21.754 15.774 821.113 mis-rockwall
5 1 9 24 1 10000 51 -11.974 19.641 828.518 -17.866 10.013 824.124 -8.138 29.357 833.251 mis-rockwall
6 1 9 175 1 10000 81 -58.244 -2.301 794.524 -62.158 -11.803 791.157 -52.786 6.238 797.891 mis-rockwall
7 1 9 178 1 10000 81 -54.324 -2.769 805.859 -57.753 -12.281 801.458 -48.854 5.976 809.290 mis-rockwall
8 1 9 184 1 10000 81 -39.178 -3.359 783.024 -43.023 -12.767 778.202 -35.483 4.890 789.811 mis-rockwall
9 1 9 34 1 10000 156 24.519 6.240 845.970 19.538 2.501 844.427 29.280 9.422 848.034 mis-rockwall
10 1 9 38 1 10000 156 19.864 12.740 848.956 17.779 9.001 843.974 21.418 15.922 853.705 mis-rockwall
11 1 9 39 1 10000 156 18.521 12.740 840.908 15.174 9.001 836.295 20.648 15.922 846.078 mis-rockwall
12 1 9 44 1 10000 156 -14.240 12.740 810.435 -18.189 9.001 805.513 -11.240 15.922 814.156 mis-rockwall
13 1 9 35 1 10000 156 31.424 6.240 844.996 27.587 2.501 842.982 35.901 9.422 848.196 mis-rockwall
14 1 9 41 1 10000 156 -9.500 12.740 805.571 -13.945 9.001 801.932 -5.851 15.922 807.980 mis-rockwall
15 1 11 287 1 10000 238 6.590 -1.758 756.239 6.089 -8.936 755.741 7.136 5.439 756.772 mis-wood-plank
16 1 11 288 1 10000 238 12.677 -0.081 756.057 12.188 -7.246 755.269 13.177 7.085 756.881 mis-wood-plank
17 1 11 289 1 10000 238 0.254 -1.758 734.945 -0.246 -8.936 734.447 0.800 5.439 735.478 mis-wood-plank
18 1 11 290 1 10000 238 3.510 -1.758 743.744 3.009 -8.936 743.246 4.056 5.439 744.277 mis-wood-plank
19 1 11 291 1 10000 238 9.496 0.079 741.013 8.986 -7.100 740.504 10.078 7.275 741.528 mis-wood-plank
20 1 11 292 1 10000 238 12.574 0.025 748.409 12.040 -7.125 747.344 13.169 7.213 749.349 mis-wood-plank
21 1 11 293 1 10000 238 5.446 0.828 748.759 4.945 -6.351 748.261 5.992 8.024 749.293 mis-wood-plank
22 1 11 294 1 10000 238 0.245 0.828 737.143 -0.264 -6.351 736.634 0.826 8.024 737.653 mis-wood-plank
23 1 11 295 1 10000 238 4.422 -1.758 705.361 3.913 -8.936 704.781 4.924 5.439 705.867 mis-wood-plank
24 1 11 296 1 10000 238 4.090 -1.759 712.337 3.572 -10.061 711.671 4.630 6.564 712.949 mis-wood-plank
25 1 11 297 1 10000 238 4.390 -1.758 719.722 3.889 -8.936 719.224 4.936 5.439 720.255 mis-wood-plank
26 1 11 298 1 10000 238 -1.945 -1.758 720.162 -2.446 -8.936 719.664 -1.399 5.439 720.695 mis-wood-plank
27 1 11 299 1 10000 238 -1.044 -1.763 728.159 -2.358 -9.672 727.248 0.267 6.136 728.900 mis-wood-plank
28 1 11 300 1 10000 238 5.462 -1.768 727.022 4.825 -10.159 725.855 6.174 6.609 728.135 mis-wood-plank
29 1 11 301 1 10000 238 6.590 -2.645 734.505 6.089 -9.824 734.007 7.136 4.551 735.038 mis-wood-plank
30 1 11 302 1 10000 238 -1.841 -1.352 712.767 -2.481 -9.861 711.588 -1.124 7.146 713.892 mis-wood-plank
31 1 11 303 1 10000 238 -2.216 -2.071 705.109 -3.180 -10.666 704.105 -1.045 6.520 706.020 mis-wood-plank
32 1 9 116 1 10000 81 -13.203 2.068 780.066 -17.488 -4.060 777.485 -9.694 8.628 783.454 mis-rockwall
33 1 9 117 1 10000 81 -26.904 6.548 784.548 -30.906 0.420 782.411 -23.075 13.108 787.280 mis-rockwall
34 1 9 259 1 10000 278 -2.399 9.476 795.930 -6.089 -0.538 793.644 0.211 15.774 799.694 mis-rockwall
35 1 9 260 1 10000 278 -50.663 9.815 808.175 -53.282 -0.199 804.409 -46.969 16.113 810.461 mis-rockwall
36 1 9 261 1 10000 278 -40.614 9.476 819.858 -43.232 -0.538 816.093 -36.920 15.774 822.144 mis-rockwall
37 1 9 262 1 10000 278 -36.697 11.476 786.683 -39.089 1.462 784.404 -32.920 17.774 790.188 mis-rockwall
38 1 9 234 1 10000 417 29.910 3.759 831.356 27.374 1.492 829.544 31.899 5.085 833.939 mis-rockwall
39 1 9 235 1 10000 417 34.531 3.759 842.177 32.335 1.492 838.875 36.197 5.085 844.562 mis-rockwall
40 1 9 236 1 10000 417 -27.279 17.259 794.906 -29.093 14.992 792.731 -24.849 18.585 796.498 mis-rockwall
41 1 9 36 1 10000 156 37.465 6.240 847.436 33.341 2.501 842.660 40.252 9.422 853.027 mis-rockwall
42 1 9 37 1 10000 156 22.344 12.740 856.547 18.151 9.001 852.412 25.218 15.922 861.571 mis-rockwall
43 1 9 40 1 10000 156 -3.100 12.740 803.322 -7.376 9.001 801.072 1.065 15.922 804.736 mis-rockwall
44 1 9 42 1 10000 156 -21.989 12.740 822.657 -25.898 9.001 818.319 -18.989 15.922 825.781 mis-rockwall
45 1 9 43 1 10000 156 -17.934 12.740 816.656 -21.430 9.001 812.211 -15.355 15.922 820.017 mis-rockwall
46 1 9 45 1 10000 156 -24.652 14.740 785.904 -29.463 11.001 783.460 -20.855 17.922 789.274 mis-rockwall
47 1 9 46 1 10000 156 -59.662 12.740 759.833 -61.842 9.001 755.511 -58.057 15.922 763.855 mis-rockwall
48 1 9 47 1 10000 156 -63.140 12.740 761.223 -66.360 9.001 757.303 -58.697 15.922 764.225 mis-rockwall
49 1 9 48 1 10000 156 -62.669 12.740 754.471 -67.207 9.001 751.870 -59.216 15.922 757.993 mis-rockwall
50 1 9 49 1 10000 156 -67.297 12.740 756.799 -69.660 9.001 752.247 -63.702 15.922 760.562 mis-rockwall
51 1 9 58 1 10000 1042 18.544 10.775 835.401 16.841 4.127 834.005 20.056 15.736 838.736 mis-rockwall
52 1 9 62 1 10000 1042 -19.963 9.502 822.914 -22.026 2.854 821.646 -16.798 14.463 825.647 mis-rockwall
53 1 9 66 1 10000 1042 -10.304 8.326 807.658 -13.331 1.391 805.468 -8.926 13.500 810.940 mis-rockwall
54 1 9 70 1 10000 1042 -54.389 9.091 793.021 -55.900 2.375 791.169 -50.953 14.009 794.850 mis-rockwall
55 1 9 74 1 10000 1042 -53.331 9.119 803.201 -55.173 2.380 799.795 -51.560 14.010 804.641 mis-rockwall
56 1 9 78 1 10000 1042 -24.448 9.032 785.126 -25.864 2.384 783.492 -21.090 13.993 786.902 mis-rockwall
57 1 9 82 1 10000 1042 -13.957 9.032 781.905 -16.065 2.384 780.378 -11.371 13.993 785.406 mis-rockwall
58 1 12 335 1 10000 96 -9.218 12.965 771.290 -10.677 11.330 770.101 -7.640 14.073 772.408 mis-bone1
59 1 12 336 1 10000 96 -5.155 13.348 773.716 -6.507 11.627 772.247 -3.812 14.721 775.272 mis-bone1
60 1 9 126 1 10000 50 -53.110 -2.113 787.517 -58.908 -10.274 782.387 -46.671 5.281 793.348 mis-rockwall
61 1 12 337 1 10000 96 -19.139 14.405 771.999 -20.593 12.813 771.010 -17.639 15.429 772.758 mis-bone1
62 1 12 338 1 10000 96 -14.396 13.270 770.801 -16.014 11.633 769.886 -12.712 14.329 771.586 mis-bone1
63 1 12 339 1 10000 96 -26.686 12.574 780.133 -27.556 11.192 778.749 -25.824 13.772 781.737 mis-bone1
64 1 12 340 1 10000 96 -24.817 14.778 775.199 -26.112 13.357 773.951 -23.573 15.779 776.328 mis-bone1
65 1 9 86 1 10000 1146 -63.154 7.054 752.069 -64.981 0.405 750.849 -61.088 12.015 754.788 mis-rockwall
66 1 9 90 1 10000 1146 -63.124 -1.306 752.086 -65.209 -7.955 750.751 -60.951 3.654 755.016 mis-rockwall
67 1 12 333 1 10000 96 -2.076 14.858 777.009 -3.110 13.220 775.694 -1.025 16.210 778.632 mis-bone1
68 1 12 334 1 10000 96 0.431 16.530 781.351 -0.446 14.788 780.002 1.552 17.762 782.714 mis-bone1
69 1 11 304 1 10000 192 36.140 13.524 848.585 35.903 10.609 847.911 36.387 15.373 849.453 mis-wood-plank
70 1 11 305 1 10000 192 -23.454 19.910 818.814 -23.691 16.994 818.140 -23.207 21.759 819.682 mis-wood-plank
71 1 11 306 1 10000 192 -13.802 5.397 822.391 -14.495 2.465 821.986 -13.236 7.263 822.846 mis-wood-plank
72 1 11 307 1 10000 192 -38.139 21.937 799.698 -38.915 19.059 798.931 -37.523 23.755 800.324 mis-wood-plank
73 1 9 137 1 10000 179 16.781 7.525 836.683 14.550 -0.538 833.984 18.659 13.899 837.613 mis-rockwall
74 1 9 149 1 10000 179 0.750 7.525 801.116 -1.944 -0.538 798.716 1.575 13.899 803.400 mis-rockwall
75 1 9 153 1 10000 179 -53.852 7.864 803.013 -54.681 -0.199 800.726 -51.153 14.238 805.407 mis-rockwall
76 1 9 161 1 10000 179 -30.295 9.525 784.944 -33.029 1.462 784.191 -28.071 15.899 787.436 mis-rockwall
77 0 15 12 1 10000 9471 -63.610 15.281 756.858 -70.516 13.219 749.718 -56.875 17.000 765.093 mis-rockwall-trim
78 0 15 11 1 10000 9495 -33.449 16.682 790.729 -46.344 13.640 782.594 -18.063 19.640 799.968 mis-rockwall-trim
79 0 15 4 1 10000 9549 31.661 8.311 846.285 19.015 6.391 842.734 41.999 10.499 853.844 mis-rockwall-trim
80 0 15 1 1 10000 9507 12.645 14.933 828.297 -12.375 12.531 809.093 26.640 17.406 860.968 mis-rockwall-trim
81 0 15 8 1 10000 9500 -27.048 15.055 808.781 -54.844 12.109 787.500 2.281 18.047 826.515 mis-rockwall-trim
82 0 14 4 1 10000 9459 29.780 10.915 850.135 19.078 9.953 842.734 40.437 12.421 859.000 mis-ground
83 0 14 12 1 10000 9437 -63.656 16.978 757.091 -70.516 16.531 749.718 -56.875 17.375 765.093 mis-ground
84 0 15 2 1 10000 9515 31.228 3.724 834.652 21.062 2.000 825.078 36.750 5.734 845.312 mis-rockwall-trim
85 0 14 8 1 10000 9457 -25.196 17.270 808.501 -54.844 16.234 788.453 2.281 18.468 826.515 mis-ground
86 0 14 11 1 10000 9509 -32.297 19.303 791.239 -46.344 18.390 782.594 -18.454 19.937 799.968 mis-ground
87 0 14 1 1 10000 9549 8.866 17.497 825.841 -11.313 16.218 809.093 25.515 18.515 849.125 mis-ground
88 0 14 2 1 10000 9442 27.006 6.492 836.588 16.843 5.500 825.078 36.750 9.765 846.422 mis-ground
89 0 14 0 1 10000 9412 29.461 -0.251 785.574 -31.219 -7.985 716.312 97.594 7.484 853.828 mis-ground
90 0 15 14 0 -1 0 19.343 16.315 836.940 18.765 14.984 835.031 20.296 17.109 838.734 mis-rockwall-trim
91 0 15 23 0 -1 0 -67.737 14.890 752.333 -68.829 14.562 751.047 -66.578 15.546 753.265 mis-rockwall-trim
92 0 14 3 0 -1 0 40.661 10.656 853.218 39.547 10.468 851.171 41.999 11.000 854.640 mis-ground
93 0 14 5 0 -1 0 19.849 10.489 843.703 19.015 10.468 842.734 21.453 10.499 844.984 mis-ground
94 0 14 7 0 -1 0 -11.303 17.000 829.625 -12.375 17.000 827.906 -10.219 17.000 831.047 mis-ground
95 0 14 9 0 -1 0 -9.438 17.312 788.343 -11.281 17.000 787.500 -7.844 17.937 789.078 mis-ground
96 0 14 10 0 -1 0 -44.053 17.000 799.901 -46.126 17.000 798.859 -42.610 17.000 800.468 mis-ground
97 0 15 19 0 -1 0 -14.365 16.166 814.187 -15.282 15.015 813.437 -13.501 17.000 814.828 mis-rockwall-trim
98 0 15 20 0 -1 0 -16.084 13.953 814.526 -16.953 13.390 813.891 -15.282 15.015 815.390 mis-rockwall-trim
99 0 15 22 0 -1 0 -16.438 16.375 803.067 -16.891 15.125 802.421 -15.532 17.000 803.391 mis-rockwall-trim
100 0 15 16 0 -1 0 11.677 14.046 811.937 10.922 13.234 809.468 12.218 15.672 813.266 mis-rockwall-trim
101 0 15 21 0 -1 0 -29.052 14.312 811.192 -29.657 13.671 810.812 -28.688 15.594 811.640 mis-rockwall-trim
102 0 14 13 0 -1 0 -18.719 19.000 789.276 -19.641 19.000 787.922 -18.063 19.000 790.516 mis-ground
103 0 15 15 0 -1 0 22.979 13.927 824.896 21.750 13.234 824.109 25.249 15.312 825.859 mis-rockwall-trim
104 0 14 6 0 -1 0 26.104 12.135 858.854 24.843 11.875 858.546 27.422 12.359 859.015 mis-ground
105 0 15 17 0 -1 0 -0.386 13.698 802.213 -0.859 13.125 801.937 -0.016 14.828 802.562 mis-rockwall-trim
106 0 15 18 0 -1 0 0.697 13.755 800.854 0.046 13.172 800.531 1.843 14.874 801.234 mis-rockwall-trim
107 1 11 264 0 -1 0 4.776 2.063 739.136 1.062 1.712 736.569 8.339 2.525 741.645 mis-wood-plank
108 1 11 270 0 -1 0 9.164 1.694 752.373 5.443 1.396 750.882 12.618 2.202 753.953 mis-wood-plank
109 1 11 276 0 -1 0 1.788 2.063 723.722 -1.944 1.712 722.140 5.257 2.525 725.355 mis-wood-plank
110 1 11 282 0 -1 0 1.055 2.063 708.538 -2.586 1.712 707.225 4.590 2.525 709.803 mis-wood-plank
111 1 11 268 0 -1 0 9.045 2.115 748.241 5.878 1.962 745.794 12.427 2.525 750.735 mis-wood-plank
112 1 11 274 0 -1 0 10.104 0.340 762.292 7.063 -0.003 760.773 13.373 0.943 763.943 mis-wood-plank
113 1 11 280 0 -1 0 2.957 2.115 733.710 -0.078 1.962 732.096 6.236 2.525 735.378 mis-wood-plank
114 1 11 286 0 -1 0 1.038 2.115 718.596 -2.022 1.962 717.334 4.308 2.525 719.913 mis-wood-plank
115 1 10 263 0 -1 0 3.659 2.271 736.931 0.113 1.916 734.622 6.974 2.400 739.502 mis-wood-plankB
116 1 10 264 0 -1 0 4.787 2.351 739.145 1.062 1.712 736.569 8.339 2.525 741.645 mis-wood-plankB
117 1 10 265 0 -1 0 5.795 2.379 741.414 2.435 1.916 738.917 9.030 2.666 743.963 mis-wood-plankB
118 1 10 266 0 -1 0 6.846 2.400 743.707 3.348 2.041 741.244 10.117 2.525 746.434 mis-wood-plankB
119 1 10 268 0 -1 0 9.086 2.387 748.248 5.878 2.025 745.794 12.427 2.525 750.735 mis-wood-plankB
120 1 10 269 0 -1 0 8.866 2.248 749.973 5.433 1.673 748.524 12.229 2.611 751.497 mis-wood-plankB
121 1 10 270 0 -1 0 9.181 1.978 752.424 5.443 1.435 750.882 12.618 2.220 753.953 mis-wood-plankB
122 1 10 271 0 -1 0 9.363 1.659 754.881 6.104 0.974 753.320 12.469 2.024 756.485 mis-wood-plankB
123 1 10 272 0 -1 0 9.577 1.328 757.371 6.142 0.776 755.846 12.876 1.674 759.084 mis-wood-plankB
124 1 10 274 0 -1 0 10.149 0.605 762.350 7.063 0.142 760.773 13.373 0.943 763.943 mis-wood-plankB
125 1 10 275 0 -1 0 1.426 2.271 721.276 -1.998 1.916 719.781 4.759 2.400 722.859 mis-wood-plankB
126 1 10 276 0 -1 0 1.795 2.351 723.734 -1.944 1.712 722.140 5.257 2.525 725.355 mis-wood-plankB
127 1 10 277 0 -1 0 2.034 2.379 726.206 -1.240 1.916 724.566 5.162 2.666 727.900 mis-wood-plankB
128 1 10 278 0 -1 0 2.305 2.400 728.713 -1.140 2.041 727.142 5.579 2.525 730.486 mis-wood-plankB
129 1 10 280 0 -1 0 2.993 2.387 733.730 -0.078 2.025 732.096 6.236 2.525 735.378 mis-wood-plankB
130 1 10 281 0 -1 0 0.985 2.271 706.067 -2.560 1.916 704.725 4.449 2.400 707.241 mis-wood-plankB
131 1 10 282 0 -1 0 1.061 2.351 708.551 -2.586 1.712 707.225 4.590 2.525 709.803 mis-wood-plankB
132 1 10 283 0 -1 0 1.006 2.379 711.034 -2.150 1.916 709.709 4.154 2.666 712.366 mis-wood-plankB
133 1 10 284 0 -1 0 0.980 2.400 713.556 -2.509 2.041 712.163 4.398 2.525 714.928 mis-wood-plankB
134 1 10 286 0 -1 0 1.071 2.387 718.620 -2.022 2.025 717.334 4.308 2.525 719.913 mis-wood-plankB
135 1 11 267 0 -1 0 8.038 2.115 745.914 4.671 1.962 743.364 11.196 2.525 748.407 mis-wood-plank
136 1 11 273 0 -1 0 9.943 0.693 759.787 6.686 0.351 758.132 12.975 1.294 761.414 mis-wood-plank
137 1 11 279 0 -1 0 2.738 2.115 731.184 -0.545 1.962 729.451 5.781 2.525 732.854 mis-wood-plank
138 1 11 285 0 -1 0 1.118 2.115 716.062 -2.150 1.962 714.678 4.180 2.525 717.381 mis-wood-plank
139 1 10 267 0 -1 0 7.998 2.387 745.907 4.671 2.025 743.364 11.196 2.525 748.407 mis-wood-plankB
140 1 10 273 0 -1 0 9.917 0.966 759.805 6.686 0.532 758.132 12.991 1.294 761.414 mis-wood-plankB
141 1 10 279 0 -1 0 2.702 2.387 731.165 -0.545 2.025 729.451 5.781 2.525 732.854 mis-wood-plankB
142 1 10 285 0 -1 0 1.085 2.387 716.039 -2.150 2.025 714.678 4.180 2.525 717.381 mis-wood-plankB
143 1 9 210 0 -1 0 24.578 4.933 844.938 21.191 2.501 844.263 27.959 8.282 846.120 mis-rockwall
144 1 9 211 0 -1 0 31.046 4.933 844.034 28.609 2.501 842.869 34.115 8.282 845.604 mis-rockwall
145 1 9 212 0 -1 0 38.382 4.933 846.958 36.131 2.501 843.928 40.109 8.282 850.788 mis-rockwall
146 1 9 213 0 -1 0 23.208 11.432 855.978 20.871 9.001 853.496 25.044 14.782 859.384 mis-rockwall
147 1 9 214 0 -1 0 20.896 11.432 849.020 19.708 9.001 845.631 21.570 14.782 852.395 mis-rockwall
148 1 9 215 0 -1 0 19.497 11.432 840.565 17.832 9.001 837.590 20.720 14.782 844.133 mis-rockwall
149 1 9 216 0 -1 0 -2.994 11.432 804.351 -5.991 9.001 803.323 -0.226 14.782 805.117 mis-rockwall
150 1 9 217 0 -1 0 -8.979 11.432 806.464 -11.988 9.001 804.537 -6.813 14.782 807.890 mis-rockwall
151 1 9 218 0 -1 0 -21.170 11.432 823.287 -23.723 9.001 820.686 -19.644 14.782 825.492 mis-rockwall
152 1 9 219 0 -1 0 -17.023 11.432 817.144 -19.260 9.001 814.367 -15.841 14.782 819.587 mis-rockwall
153 1 9 220 0 -1 0 -13.358 11.432 810.975 -15.924 9.001 807.900 -11.872 14.782 813.681 mis-rockwall
154 1 9 221 0 -1 0 -24.250 13.432 784.951 -27.343 11.001 783.884 -21.459 16.782 787.090 mis-rockwall
155 1 9 222 0 -1 0 -58.633 11.432 759.938 -59.911 9.001 756.981 -57.961 14.782 762.809 mis-rockwall
156 1 9 223 0 -1 0 -63.752 11.432 762.055 -66.049 9.001 759.497 -61.065 14.782 763.574 mis-rockwall
157 1 9 224 0 -1 0 -62.188 11.432 753.556 -65.034 9.001 752.362 -59.673 14.782 755.811 mis-rockwall
158 1 9 225 0 -1 0 -68.208 11.432 757.288 -69.583 9.001 754.195 -66.325 14.782 759.584 mis-rockwall
159 1 9 238 0 -1 0 -41.484 16.845 798.466 -44.239 14.952 796.066 -38.998 18.608 799.623 mis-rockwall
160 1 11 263 0 -1 0 3.679 1.988 736.901 0.113 1.837 734.622 6.974 2.400 739.502 mis-wood-plank
161 1 11 265 0 -1 0 5.807 2.080 741.391 2.435 1.775 738.917 9.030 2.666 743.963 mis-wood-plank
162 1 11 269 0 -1 0 8.886 1.970 749.914 5.433 1.673 748.460 12.229 2.611 751.497 mis-wood-plank
163 1 11 271 0 -1 0 9.373 1.365 754.821 6.104 0.974 753.320 12.469 2.024 756.485 mis-wood-plank
164 1 11 272 0 -1 0 9.596 1.046 757.313 6.142 0.767 755.781 12.876 1.674 759.084 mis-wood-plank
165 1 11 275 0 -1 0 1.455 1.988 721.255 -1.998 1.837 719.781 4.759 2.400 722.859 mis-wood-plank
166 1 11 277 0 -1 0 2.053 2.080 726.187 -1.240 1.775 724.566 5.162 2.666 727.900 mis-wood-plank
167 1 11 281 0 -1 0 1.015 1.988 706.049 -2.560 1.837 704.725 4.449 2.400 707.241 mis-wood-plank
168 1 11 283 0 -1 0 1.028 2.080 711.018 -2.150 1.775 709.709 4.154 2.666 712.366 mis-wood-plank
169 1 11 284 0 -1 0 1.010 2.114 713.540 -2.509 1.962 712.163 4.398 2.525 714.928 mis-wood-plank
170 1 9 193 0 -1 0 5.286 16.392 834.879 3.548 14.390 832.765 7.841 18.461 836.701 mis-rockwall
171 1 9 200 0 -1 0 18.861 18.488 825.555 16.024 15.144 822.192 21.920 21.099 827.666 mis-rockwall
172 1 9 202 0 -1 0 11.191 17.780 811.709 9.286 15.781 809.185 13.252 19.199 813.390 mis-rockwall
173 1 9 207 0 -1 0 -14.601 15.911 797.799 -17.847 12.469 794.863 -12.495 18.693 800.849 mis-rockwall
174 1 9 208 0 -1 0 -26.423 16.026 809.605 -29.005 12.873 807.034 -23.763 18.684 812.391 mis-rockwall
175 1 9 209 0 -1 0 -36.025 16.849 807.127 -37.335 14.505 805.931 -34.519 18.927 808.591 mis-rockwall
176 1 9 237 0 -1 0 -34.603 16.256 797.435 -37.633 15.014 795.716 -31.483 18.093 798.486 mis-rockwall
177 1 9 89 0 -1 0 -58.028 5.422 755.980 -59.978 1.187 754.329 -56.826 10.343 758.255 mis-rockwall
178 1 9 93 0 -1 0 -57.709 -2.939 755.761 -59.833 -7.174 753.971 -56.461 1.982 758.203 mis-rockwall
179 1 9 130 0 -1 0 -4.851 7.173 819.027 -6.330 -0.538 816.861 -2.075 14.946 821.636 mis-rockwall
180 1 9 134 0 -1 0 18.979 7.173 834.915 16.177 -0.538 832.458 20.304 14.946 836.960 mis-rockwall
181 1 9 138 0 -1 0 8.755 7.173 811.603 6.626 -0.538 810.484 11.230 14.946 814.664 mis-rockwall
182 1 9 142 0 -1 0 21.674 7.173 819.593 18.879 -0.538 817.849 23.454 14.946 822.201 mis-rockwall
183 1 9 146 0 -1 0 0.014 7.173 798.393 -2.876 -0.538 796.546 1.695 14.946 801.016 mis-rockwall
184 1 9 150 0 -1 0 -53.095 7.512 805.731 -54.786 -0.199 803.109 -50.212 15.285 807.569 mis-rockwall
185 1 9 154 0 -1 0 -43.046 7.173 817.415 -44.736 -0.538 814.792 -40.163 14.946 819.252 mis-rockwall
186 1 9 158 0 -1 0 -33.341 9.173 784.957 -35.625 1.462 783.637 -30.627 16.946 788.055 mis-rockwall
187 1 9 187 0 -1 0 18.269 17.880 861.264 16.758 15.076 858.441 20.548 19.864 863.483 mis-rockwall
188 1 9 195 0 -1 0 10.228 16.166 849.004 8.716 13.361 846.181 12.506 18.150 851.223 mis-rockwall
189 1 11 266 0 -1 0 6.865 2.114 743.679 3.348 1.962 741.244 10.117 2.525 746.434 mis-wood-plank
190 1 11 278 0 -1 0 2.333 2.114 728.693 -1.140 1.962 727.142 5.579 2.525 730.486 mis-wood-plank
191 1 9 61 0 -1 0 22.067 9.143 842.748 20.539 4.908 840.543 22.830 14.064 845.579 mis-rockwall
192 1 9 65 0 -1 0 -12.325 7.870 825.751 -14.954 3.635 824.069 -10.442 12.791 828.019 mis-rockwall
193 1 9 69 0 -1 0 -14.112 6.623 815.593 -16.635 2.206 812.842 -12.263 11.756 817.543 mis-rockwall
194 1 9 73 0 -1 0 -47.311 7.551 788.951 -49.446 3.240 788.128 -44.439 12.422 790.517 mis-rockwall
195 1 9 77 0 -1 0 -56.291 7.625 795.580 -56.821 3.284 792.773 -55.127 12.467 797.942 mis-rockwall
196 1 9 81 0 -1 0 -17.340 7.400 781.146 -19.473 3.165 780.263 -14.494 12.321 782.809 mis-rockwall
197 1 9 85 0 -1 0 -7.593 7.400 788.040 -9.947 3.165 785.937 -6.078 12.321 790.987 mis-rockwall
198 1 9 50 0 -1 0 -9.135 7.959 826.909 -11.663 -0.538 823.018 -5.578 15.212 831.637 mis-rockwall
199 1 9 51 0 -1 0 22.532 7.959 827.438 19.112 -0.538 823.006 24.714 15.212 831.127 mis-rockwall
200 1 9 52 0 -1 0 0.976 7.959 814.429 -2.995 -0.538 812.700 5.169 15.212 818.097 mis-rockwall
201 1 9 53 0 -1 0 15.748 7.959 813.814 11.318 -0.538 810.636 18.810 15.212 817.329 mis-rockwall
202 1 9 54 0 -1 0 -5.404 7.959 792.135 -9.757 -0.538 788.754 -2.553 15.212 795.812 mis-rockwall
203 1 9 55 0 -1 0 -47.627 8.298 811.947 -50.500 -0.199 808.286 -43.266 15.551 815.311 mis-rockwall
204 1 9 56 0 -1 0 -37.578 7.959 823.631 -40.450 -0.538 819.969 -33.216 15.212 826.994 mis-rockwall
205 1 9 94 0 -1 0 28.977 3.321 830.207 26.305 1.445 828.895 30.580 5.101 832.699 mis-rockwall
206 1 9 96 0 -1 0 34.630 3.321 840.461 32.097 1.445 838.493 35.847 5.101 842.691 mis-rockwall
207 1 9 98 0 -1 0 -25.981 16.821 795.042 -27.838 14.945 792.608 -24.513 18.601 796.200 mis-rockwall
208 1 9 188 0 -1 0 20.212 18.491 826.777 19.350 17.754 825.980 21.096 19.311 827.806 mis-rockwall
209 1 9 189 0 -1 0 17.500 18.536 823.981 16.153 17.384 822.737 18.882 19.818 825.589 mis-rockwall
210 1 9 190 0 -1 0 20.425 18.582 821.114 18.485 16.923 819.321 22.416 20.428 823.430 mis-rockwall
211 1 9 191 0 -1 0 20.782 4.756 813.385 19.065 3.158 811.373 22.154 6.161 814.787 mis-rockwall
212 1 9 192 0 -1 0 21.352 4.835 815.251 19.767 3.684 813.566 22.927 6.328 816.745 mis-rockwall
213 1 9 194 0 -1 0 10.405 17.091 835.923 9.543 16.354 835.126 11.290 17.911 836.952 mis-rockwall
214 1 9 196 0 -1 0 -10.348 3.935 826.136 -12.775 1.982 823.418 -7.488 6.109 828.983 mis-rockwall
215 1 9 197 0 -1 0 11.558 17.964 814.453 10.692 17.200 813.829 12.355 18.654 815.273 mis-rockwall
216 1 9 198 0 -1 0 13.607 18.444 817.272 12.745 17.707 816.475 14.491 19.264 818.301 mis-rockwall
217 1 9 199 0 -1 0 18.408 5.936 814.612 15.677 3.579 811.295 21.369 8.370 817.170 mis-rockwall
218 1 9 201 0 -1 0 6.603 5.166 808.165 5.663 4.201 807.101 7.429 5.968 809.051 mis-rockwall
219 1 9 203 0 -1 0 -8.933 4.444 811.306 -11.880 2.370 808.211 -6.126 7.535 814.267 mis-rockwall
220 1 9 204 0 -1 0 6.887 4.900 810.954 4.259 1.997 807.655 8.996 7.500 813.223 mis-rockwall
221 1 9 205 0 -1 0 -11.203 1.477 783.409 -13.966 -0.900 780.739 -7.494 4.234 787.220 mis-rockwall
222 1 9 206 0 -1 0 -8.583 2.170 787.263 -11.347 -0.046 784.051 -5.733 4.077 790.670 mis-rockwall
223 1 9 57 0 -1 0 -41.625 9.959 788.644 -45.876 1.462 786.528 -37.121 17.212 792.625 mis-rockwall
224 1 9 240 0 -1 0 -41.151 18.666 798.703 -43.811 8.487 795.389 -39.209 28.831 801.352 mis-rockwall
225 1 9 241 0 -1 0 -42.877 18.666 792.472 -46.193 8.487 790.529 -40.238 28.831 795.103 mis-rockwall
226 1 9 242 0 -1 0 -51.204 18.666 792.786 -53.051 8.487 790.348 -48.898 28.831 795.935 mis-rockwall
227 1 9 243 0 -1 0 -20.562 18.666 784.279 -22.409 8.487 781.841 -18.256 28.831 787.428 mis-rockwall
228 1 9 244 0 -1 0 -20.944 18.666 792.538 -23.456 8.487 790.128 -17.724 28.831 794.427 mis-rockwall
229 1 9 245 0 -1 0 -10.509 18.666 790.197 -13.169 8.487 786.882 -8.567 28.831 792.845 mis-rockwall
230 1 9 246 0 -1 0 -12.235 18.666 783.966 -15.551 8.487 782.022 -9.596 28.831 786.596 mis-rockwall
231 1 9 247 0 -1 0 -62.206 1.759 763.296 -64.777 -8.419 760.424 -59.072 11.924 765.130 mis-rockwall
232 1 9 248 0 -1 0 -66.751 1.759 758.389 -69.311 -8.419 755.905 -63.488 11.924 760.302 mis-rockwall
233 1 9 239 0 -1 0 -51.705 18.666 801.656 -54.755 8.487 798.782 -47.789 28.831 803.898 mis-rockwall
234 1 9 28 0 -1 0 -21.535 20.029 822.603 -24.523 10.013 820.461 -18.719 29.373 826.162 mis-rockwall
235 1 9 33 0 -1 0 -34.870 -3.233 781.692 -38.763 -13.410 776.833 -30.165 4.958 787.729 mis-rockwall
236 1 12 322 0 -1 0 -19.543 11.843 772.916 -21.812 9.575 770.474 -17.114 14.090 775.491 mis-bone1
237 1 12 324 0 -1 0 -14.580 10.406 771.695 -16.731 8.105 769.435 -11.816 12.725 774.166 mis-bone1
238 1 12 326 0 -1 0 -23.724 12.031 775.413 -26.377 9.939 772.646 -20.983 14.120 778.135 mis-bone1
239 1 12 328 0 -1 0 -25.688 10.315 779.782 -27.821 8.016 776.947 -23.447 12.711 782.128 mis-bone1
240 1 9 181 0 -1 0 -43.745 -4.291 818.226 -47.247 -12.085 813.325 -38.731 3.591 822.046 mis-rockwall
241 1 9 226 0 -1 0 -10.013 3.414 827.869 -11.900 -0.538 824.497 -7.164 7.665 831.410 mis-rockwall
242 1 9 227 0 -1 0 23.315 3.414 826.522 20.762 -0.538 823.180 24.939 7.665 829.715 mis-rockwall
243 1 9 228 0 -1 0 -0.224 3.414 814.531 -3.222 -0.538 813.155 3.564 7.665 816.680 mis-rockwall
244 1 9 229 0 -1 0 15.134 3.414 812.778 12.185 -0.538 810.393 17.743 7.665 816.101 mis-rockwall
245 1 9 230 0 -1 0 -5.929 3.414 791.051 -8.749 -0.538 788.510 -3.518 7.665 794.516 mis-rockwall
246 1 9 231 0 -1 0 -47.094 3.753 813.028 -49.525 -0.199 809.573 -44.263 8.004 815.555 mis-rockwall
247 1 9 232 0 -1 0 -37.045 3.414 824.711 -39.475 -0.538 821.257 -34.214 7.665 827.239 mis-rockwall
248 1 9 233 0 -1 0 -42.917 5.414 788.877 -46.126 1.462 787.150 -38.831 9.665 791.290 mis-rockwall
249 1 9 95 0 -1 0 24.534 2.837 828.092 21.421 1.507 826.460 27.813 4.429 831.359 mis-rockwall
250 1 9 97 0 -1 0 32.786 2.837 834.940 29.607 1.507 832.301 34.485 4.429 839.595 mis-rockwall
251 1 9 99 0 -1 0 -22.075 16.337 793.370 -25.622 15.007 790.305 -20.153 17.929 794.973 mis-rockwall
252 1 13 348 0 -1 0 14.789 22.017 814.515 11.842 15.808 810.270 19.782 34.592 818.290 mis-tree
253 1 12 318 0 -1 0 -5.015 10.401 775.318 -8.230 7.677 772.284 -1.680 13.186 778.586 mis-bone1
254 1 12 320 0 -1 0 -9.483 9.706 772.226 -11.938 7.423 769.355 -6.485 11.941 775.158 mis-bone1
255 1 13 351 0 -1 0 11.254 29.891 813.340 10.395 27.854 812.911 12.967 32.068 814.176 mis-tree
256 1 13 352 0 -1 0 14.010 30.831 818.620 13.178 28.936 817.779 15.300 34.147 819.513 mis-tree
257 1 9 106 0 -1 0 -0.462 4.926 804.785 -1.989 0.022 803.460 0.830 9.944 805.715 mis-rockwall
258 1 9 109 0 -1 0 -16.138 4.926 818.649 -17.455 0.022 817.037 -14.769 9.944 819.818 mis-rockwall
259 1 9 88 0 -1 0 -59.621 7.984 755.743 -63.277 0.030 752.776 -57.041 12.999 759.950 mis-rockwall
260 1 9 119 0 -1 0 -57.941 -2.730 801.462 -61.538 -12.326 798.128 -52.336 6.618 804.378 mis-rockwall
261 1 9 121 0 -1 0 -50.144 -2.879 811.419 -53.612 -12.615 807.710 -44.996 6.607 814.252 mis-rockwall
262 1 9 125 0 -1 0 -45.944 -3.242 784.639 -48.594 -12.970 779.875 -43.332 5.504 791.429 mis-rockwall
263 1 9 253 0 -1 0 18.086 5.176 810.625 15.539 2.900 808.617 19.706 7.375 813.300 mis-rockwall
264 1 9 123 0 -1 0 -38.143 -4.411 825.523 -40.691 -12.372 821.106 -33.379 3.891 828.516 mis-rockwall
265 1 9 114 0 -1 0 -59.005 2.253 761.283 -62.008 -6.999 757.483 -57.001 11.033 764.083 mis-rockwall
266 1 9 60 0 -1 0 20.625 11.706 841.559 17.734 3.752 837.513 22.332 16.720 846.958 mis-rockwall
267 1 9 64 0 -1 0 -14.188 10.433 825.898 -19.078 2.479 822.978 -10.246 15.447 830.024 mis-rockwall
268 1 9 72 0 -1 0 -48.357 10.043 790.609 -52.279 2.001 788.353 -43.029 14.944 793.743 mis-rockwall
269 1 9 76 0 -1 0 -54.746 10.082 796.861 -56.655 2.006 791.582 -52.082 14.921 801.161 mis-rockwall
270 1 9 80 0 -1 0 -18.434 9.963 782.660 -22.351 2.009 780.709 -13.025 14.977 785.801 mis-rockwall
271 1 12 314 0 -1 0 -0.196 13.463 782.596 -3.322 10.893 780.163 2.691 16.022 785.235 mis-bone1
272 1 12 316 0 -1 0 -1.815 12.326 778.936 -4.947 9.674 776.202 1.134 15.038 781.822 mis-bone1
273 1 9 163 0 -1 0 -53.749 19.748 797.020 -55.779 9.393 793.022 -49.084 28.487 801.613 mis-rockwall
274 1 9 164 0 -1 0 -44.489 19.748 801.443 -48.126 9.393 797.148 -40.877 28.487 803.535 mis-rockwall
275 1 9 165 0 -1 0 -40.298 19.748 795.937 -44.539 9.393 792.325 -38.265 28.487 799.545 mis-rockwall
276 1 9 166 0 -1 0 -47.129 19.748 791.356 -51.152 9.393 789.803 -43.899 28.487 795.034 mis-rockwall
277 1 9 167 0 -1 0 -16.487 19.748 782.850 -20.511 9.393 781.296 -13.257 28.487 786.527 mis-rockwall
278 1 9 168 0 -1 0 -22.684 19.748 788.585 -24.376 9.393 785.228 -18.828 28.487 792.499 mis-rockwall
279 1 9 169 0 -1 0 -13.848 19.748 792.936 -17.484 9.393 788.641 -10.235 28.487 795.029 mis-rockwall
280 1 9 170 0 -1 0 -9.656 19.748 787.430 -13.898 9.393 783.818 -7.623 28.487 791.038 mis-rockwall
281 1 9 171 0 -1 0 -65.815 2.841 760.925 -68.263 -7.513 757.292 -61.404 11.581 764.353 mis-rockwall
282 1 9 172 0 -1 0 -68.733 2.841 754.551 -70.528 -7.513 751.108 -64.751 11.581 758.359 mis-rockwall
283 1 9 25 0 -1 0 -14.492 27.025 828.429 -17.669 24.279 826.817 -12.761 29.623 831.102 mis-rockwall
284 1 9 30 0 -1 0 -22.488 2.717 781.535 -25.796 -0.151 779.206 -18.856 4.410 784.820 mis-rockwall
285 1 9 127 0 -1 0 -52.046 4.066 789.784 -55.628 0.212 787.849 -48.438 6.745 792.385 mis-rockwall
286 1 9 112 0 -1 0 -17.654 19.960 794.451 -20.675 10.708 792.692 -14.348 28.740 795.490 mis-rockwall
287 1 9 113 0 -1 0 -48.296 19.960 802.958 -51.316 10.708 801.199 -44.990 28.740 803.997 mis-rockwall
288 1 9 115 0 -1 0 -66.595 3.132 751.489 -69.717 -6.119 750.425 -63.426 11.912 753.138 mis-rockwall
289 1 9 160 0 -1 0 -45.297 9.363 791.177 -46.508 1.462 789.578 -41.830 15.680 793.349 mis-rockwall
290 1 9 32 0 -1 0 -27.756 -1.986 779.402 -30.663 -13.065 774.063 -23.713 5.684 785.764 mis-rockwall
291 1 9 68 0 -1 0 -14.040 9.296 813.621 -18.672 1.000 808.502 -10.768 14.526 817.710 mis-rockwall
292 1 9 84 0 -1 0 -9.447 9.963 787.348 -13.850 2.009 783.461 -6.219 14.977 792.867 mis-rockwall
293 1 9 92 0 -1 0 -59.512 -0.376 755.695 -63.505 -8.330 752.528 -56.808 4.639 760.178 mis-rockwall
294 1 9 128 0 -1 0 -55.597 2.648 791.809 -57.498 -1.871 789.833 -52.686 5.167 794.349 mis-rockwall
295 1 9 249 0 -1 0 21.908 19.260 824.325 18.035 15.674 821.984 24.976 21.594 827.439 mis-rockwall
296 1 9 252 0 -1 0 15.881 18.689 816.333 14.008 16.955 815.201 17.365 19.817 817.839 mis-rockwall
297 1 9 254 0 -1 0 -23.864 16.038 807.750 -27.188 12.579 805.570 -20.876 19.653 810.542 mis-rockwall
298 1 13 349 0 -1 0 15.280 30.860 814.244 13.963 29.126 813.336 16.107 36.191 815.466 mis-tree
299 1 9 174 0 -1 0 -57.832 -2.854 791.114 -61.043 -11.487 789.457 -53.808 4.524 793.185 mis-rockwall
300 1 9 177 0 -1 0 -55.865 -3.448 802.816 -58.208 -12.038 800.243 -51.931 4.088 805.775 mis-rockwall
301 1 9 180 0 -1 0 -45.869 -4.753 814.269 -47.595 -11.877 811.718 -42.650 1.654 817.013 mis-rockwall
302 1 9 183 0 -1 0 -35.831 -4.244 782.691 -38.599 -12.583 778.807 -33.911 2.950 787.740 mis-rockwall
303 1 9 173 0 -1 0 -58.007 -1.496 798.592 -61.675 -12.021 795.942 -52.447 7.751 801.067 mis-rockwall
304 1 9 176 0 -1 0 -51.895 -1.776 809.078 -54.883 -12.311 804.469 -46.599 7.597 811.760 mis-rockwall
305 1 9 182 0 -1 0 -43.021 -2.254 784.147 -45.934 -12.689 779.527 -39.198 6.597 790.846 mis-rockwall
306 1 9 27 0 -1 0 -16.458 21.209 825.434 -19.324 10.185 823.845 -14.708 29.873 828.773 mis-rockwall
307 1 9 140 0 -1 0 -2.510 7.363 816.568 -3.671 -0.538 815.104 0.666 13.680 818.642 mis-rockwall
308 1 9 148 0 -1 0 -8.648 7.363 789.643 -10.848 -0.538 788.591 -6.691 13.680 792.884 mis-rockwall
309 1 9 101 0 -1 0 -8.545 20.635 831.694 -10.492 16.877 828.954 -6.952 24.057 834.612 mis-rockwall
310 1 9 59 0 -1 0 20.300 8.768 837.132 17.222 3.283 834.709 22.140 14.252 841.240 mis-rockwall
311 1 9 63 0 -1 0 -17.498 7.495 822.939 -20.767 2.010 821.433 -14.540 12.979 826.980 mis-rockwall
312 1 9 67 0 -1 0 -10.623 6.232 810.258 -14.958 0.511 806.764 -8.902 11.951 813.339 mis-rockwall
313 1 9 71 0 -1 0 -52.810 7.161 791.048 -55.147 1.533 789.000 -48.718 12.560 793.941 mis-rockwall
314 1 9 75 0 -1 0 -55.089 7.230 801.343 -56.858 1.540 797.481 -52.592 12.581 803.929 mis-rockwall
315 1 9 79 0 -1 0 -22.832 7.024 783.264 -25.140 1.540 781.299 -18.634 12.508 786.431 mis-rockwall
316 1 9 83 0 -1 0 -11.582 7.024 783.031 -15.119 1.540 780.899 -9.005 12.508 787.679 mis-rockwall
317 1 9 91 0 -1 0 -60.863 -3.314 752.390 -64.481 -8.799 750.724 -58.446 2.170 756.588 mis-rockwall
318 1 13 347 0 -1 0 15.334 29.114 818.746 14.211 27.222 816.100 15.945 31.281 820.618 mis-tree
319 1 13 354 0 -1 0 16.043 20.602 811.331 14.303 16.059 810.159 17.147 23.459 813.337 mis-tree
320 1 9 26 0 -1 0 -19.198 20.310 824.860 -22.304 10.029 822.820 -16.521 29.529 828.001 mis-rockwall
321 1 9 103 0 -1 0 -26.894 19.961 823.099 -30.210 16.898 821.298 -23.429 22.749 825.205 mis-rockwall
322 1 9 131 0 -1 0 -5.344 2.840 819.191 -6.292 -0.538 817.668 -4.221 5.602 821.034 mis-rockwall
323 1 9 87 0 -1 0 -61.135 5.046 752.570 -64.253 -0.438 750.983 -58.960 10.530 756.360 mis-rockwall
324 1 12 321 0 -1 0 -17.136 11.168 772.347 -18.927 9.889 770.858 -16.329 12.553 773.848 mis-bone1
325 1 12 325 0 -1 0 -21.818 12.341 773.726 -23.618 10.982 772.514 -20.648 13.673 775.516 mis-bone1
326 1 12 327 0 -1 0 -25.310 11.251 777.424 -26.848 9.824 776.573 -23.853 12.441 779.194 mis-bone1
327 1 9 31 0 -1 0 -30.724 -3.229 780.996 -34.088 -13.609 777.108 -26.467 5.217 786.166 mis-rockwall
328 1 9 250 0 -1 0 8.031 16.949 835.900 6.655 14.618 834.869 9.299 19.158 837.599 mis-rockwall
329 1 9 251 0 -1 0 13.042 19.095 814.467 11.410 17.064 812.795 14.199 21.177 816.438 mis-rockwall
330 1 9 162 0 -1 0 -29.404 16.344 796.090 -32.562 15.014 793.377 -27.468 17.936 797.297 mis-rockwall
331 1 12 323 0 -1 0 -11.945 9.903 771.776 -13.703 8.515 770.136 -11.245 11.412 773.371 mis-bone1
332 1 13 350 0 -1 0 14.554 26.144 810.289 12.811 23.841 808.399 16.286 31.291 812.693 mis-tree
333 1 12 317 0 -1 0 -3.120 11.234 777.198 -5.204 9.591 775.175 -1.806 12.758 778.650 mis-bone1
334 1 12 319 0 -1 0 -7.171 9.636 773.471 -9.071 8.070 771.728 -6.097 11.256 774.920 mis-bone1
335 1 9 179 0 -1 0 -40.648 -3.489 822.578 -43.032 -12.111 818.088 -35.957 4.518 824.658 mis-rockwall
336 1 9 129 0 -1 0 -67.369 12.891 753.097 -69.549 8.996 751.289 -64.586 16.074 755.597 mis-rockwall
337 1 12 341 0 -1 0 -5.393 14.329 785.269 -8.772 13.621 782.693 -1.878 14.963 787.501 mis-bone1
338 1 12 342 0 -1 0 2.337 9.568 782.268 0.329 6.378 781.276 3.741 12.974 783.387 mis-bone1
339 1 12 343 0 -1 0 -11.665 11.874 776.615 -14.145 10.313 773.366 -8.963 12.928 779.652 mis-bone1
340 1 12 344 0 -1 0 -6.476 13.101 782.275 -9.493 12.069 779.395 -3.165 13.839 784.956 mis-bone1
341 1 12 345 0 -1 0 -8.434 11.903 778.629 -11.219 10.015 775.772 -5.379 13.189 781.367 mis-bone1
342 1 9 107 0 -1 0 -0.739 6.137 803.550 -4.020 -1.212 800.436 1.283 13.694 805.066 mis-rockwall
343 1 9 110 0 -1 0 -17.131 6.137 817.868 -20.156 -1.212 814.453 -15.796 13.694 819.657 mis-rockwall
344 1 9 108 0 -1 0 -6.040 6.034 805.700 -11.238 -1.681 801.905 -1.725 13.351 808.786 mis-rockwall
345 1 9 111 0 -1 0 -19.786 6.034 822.554 -23.593 -1.681 817.473 -17.449 13.351 827.148 mis-rockwall
346 1 13 353 0 -1 0 17.319 27.753 814.208 14.877 24.968 812.971 18.921 33.109 814.958 mis-tree
347 1 12 308 0 -1 0 16.636 21.236 861.271 15.054 16.714 859.937 17.957 25.012 863.059 mis-bone1
348 1 12 309 0 -1 0 -7.807 4.928 768.494 -9.940 0.530 767.053 -6.694 9.378 771.476 mis-bone1
349 1 12 310 0 -1 0 -21.892 7.338 768.738 -23.863 2.954 767.143 -18.805 11.783 772.032 mis-bone1
350 1 12 311 0 -1 0 -29.563 6.371 778.189 -31.441 1.844 776.299 -26.132 10.797 780.866 mis-bone1
351 1 12 312 0 -1 0 -27.585 8.998 770.856 -29.907 5.037 768.460 -23.823 12.616 774.848 mis-bone1
352 1 9 132 0 -1 0 -10.486 7.363 831.114 -11.469 -0.538 828.660 -7.486 13.680 833.252 mis-rockwall
353 1 9 133 0 -1 0 -2.456 7.525 817.188 -4.518 -0.538 816.201 -0.133 13.899 820.070 mis-rockwall
354 1 9 136 0 -1 0 23.511 7.363 823.467 20.711 -0.538 821.474 24.454 13.680 825.802 mis-rockwall
355 1 9 141 0 -1 0 11.561 7.525 811.888 9.036 -0.538 811.155 13.571 13.899 814.199 mis-rockwall
356 1 9 144 0 -1 0 12.307 7.363 811.604 10.119 -0.538 810.575 14.361 13.680 814.798 mis-rockwall
357 1 9 145 0 -1 0 22.636 7.525 822.245 19.903 -0.538 819.921 23.495 13.899 824.550 mis-rockwall
358 1 9 152 0 -1 0 -44.364 7.702 814.414 -46.330 -0.199 811.176 -42.164 14.020 815.464 mis-rockwall
359 1 9 156 0 -1 0 -34.315 7.363 826.097 -36.281 -0.538 822.859 -32.115 13.680 827.148 mis-rockwall
360 1 9 157 0 -1 0 -43.803 7.525 814.697 -44.632 -0.538 812.409 -41.104 13.899 817.090 mis-rockwall
361 1 9 135 0 -1 0 19.450 2.840 834.752 18.418 -0.538 833.013 20.295 5.602 836.189 mis-rockwall
362 1 9 139 0 -1 0 8.306 2.840 811.389 6.858 -0.538 810.549 9.633 5.602 812.402 mis-rockwall
363 1 9 143 0 -1 0 21.671 2.840 819.096 20.130 -0.538 817.979 22.947 5.602 820.336 mis-rockwall
364 1 9 147 0 -1 0 0.054 2.840 797.896 -1.410 -0.538 796.729 1.265 5.602 799.169 mis-rockwall
365 1 9 151 0 -1 0 -53.131 3.179 806.228 -54.349 -0.199 804.957 -51.659 5.941 807.391 mis-rockwall
366 1 9 155 0 -1 0 -43.082 2.840 817.911 -44.300 -0.538 816.641 -41.610 5.602 819.075 mis-rockwall
367 1 9 159 0 -1 0 -33.836 4.840 784.789 -35.356 1.462 783.813 -32.403 7.602 785.967 mis-rockwall
368 1 9 122 0 -1 0 -35.202 -4.333 827.090 -38.743 -12.137 823.555 -32.394 2.813 829.689 mis-rockwall
369 1 12 313 0 -1 0 0.578 13.881 784.538 -1.149 12.214 782.804 2.212 15.483 785.584 mis-bone1
370 1 12 315 0 -1 0 -0.803 13.285 780.549 -2.566 11.681 778.792 0.626 14.677 781.801 mis-bone1
371 1 12 346 0 -1 0 -15.225 7.684 767.736 -16.592 4.280 765.686 -13.373 10.842 770.284 mis-bone1
372 1 9 118 0 -1 0 -56.464 -3.033 803.662 -60.603 -12.287 800.524 -52.538 5.158 806.340 mis-rockwall
373 1 9 120 0 -1 0 -47.669 -3.009 812.403 -51.944 -12.342 809.297 -44.655 5.294 814.281 mis-rockwall
374 1 9 124 0 -1 0 -47.850 -3.550 786.478 -50.337 -12.607 781.125 -45.090 4.207 791.272 mis-rockwall
375 1 9 102 0 -1 0 -7.515 19.023 833.454 -9.899 16.899 830.807 -6.204 21.289 836.338 mis-rockwall
376 1 9 100 0 -1 0 -37.665 15.947 798.244 -39.403 14.999 796.287 -35.898 17.577 798.935 mis-rockwall
377 1 12 330 0 -1 0 -14.058 12.249 778.434 -15.783 10.448 772.991 -13.107 13.230 783.968 mis-bone1
378 1 9 105 0 -1 0 -32.235 19.801 823.934 -36.316 15.544 821.111 -26.013 24.669 828.950 mis-rockwall
379 1 9 104 0 -1 0 -25.262 18.647 821.348 -28.520 16.917 819.730 -21.706 20.493 823.999 mis-rockwall
380 1 12 329 0 -1 0 -16.973 13.681 779.534 -19.790 11.961 774.191 -15.425 14.638 784.863 mis-bone1
381 1 9 185 0 -1 0 -47.796 29.511 798.031 -52.731 25.122 792.657 -41.758 33.122 802.720 mis-rockwall
382 1 9 186 0 -1 0 -17.154 29.511 789.524 -22.090 25.122 784.149 -11.116 33.122 794.213 mis-rockwall
383 1 12 331 0 -1 0 3.332 3.919 779.826 -1.684 -4.168 776.737 5.981 13.212 786.479 mis-bone1
384 1 12 332 0 -1 0 -0.834 1.998 774.438 -5.990 -7.147 771.846 1.640 11.482 779.848 mis-bone1
